2
6
559
561
569
573
574
576
579
588
599
613
615
618
622
623
633
635
636
644
654
659
682
683
684
686
687
691
695
703
725
726
729
743
748
753
764
768
769
772
773
777
779
780
784
786
787
789
791
794
796
807
811
818
819
824
830
831
837
849
858
859
861
867
880
888
894
895
897
901
902
905
906
915
925
933
937
940
942
944
951
956
957
959
961
969
970
981
992
1006
1007
1023
1025
1028
1031
1037
1038
1041
1048
1049
1050
1055
1059
1063
1079
1091
1102
1103
1106
1121
1123
1143
1166
1168
1175
1177
1179
1192
1196
1198
1205
1207
1213
1221
1222
1231
1357
1370
1552
1564
1592
1597
1598
1600
1607
1614
1616
1618
1619
1628
1629
1630
1631
1632
1635
1636
1637
1638
1643
1684
1756
1776
1795
1822
1833
1844
1848
1854
1859
1868
1872
1875
1877
1879
1885
1887
1921
1927
1928
1931
1932
1934
1937
1941
1942
1943
1947
1949
1953
1957
1965
1976
1982
1983
1984
1985
1986
1987
1993
1994
1997
1998
1999
2000
2001
2002
2003
2009
2011
2012
2013
2016
2017
2018
2019
2020
2026
2028
2030
2041
2042
2044
2047
2048
2049
2052
2053
2054
2056
2058
2062
2065
2066
2068
2070
2071
2072
2074
2076
2077
2079
2083
2084
2086
2090
2091
2094
2095
2099
2100
2101
2106
2108
2111
2112
2113
2114
2115
2116
2117
2121
2122
2124
2125
2126
2131
2134
2135
2137
2141
2144
2147
2150
2152
2155
2157
2158
2160
2162
2164
2165
2166
2168
2169
2170
2171
2172
2173
2175
2180
2182
2183
2184
2185
2186
2187
2188
2191
2194
2196
2197
2202
2203
2204
2205
2206
2208
2209
2210
2211
2213
2217
2218
2219
2227
2228
2229
2231
2233
2235
2236
2237
2239
2243
2245
2246
2247
2248
2249
2250
2253
2254
2256
2260
2263
2264
2266
2270
2274
2275
2277
2280
2282
2288
2295
2296
2299
2304
2307
2309
2317
2335
2343
2344
2358
2366
2367
2370
2372
2373
2374
2376
2377
2380
2382
2383
2384
2385
2387
2388
2389
2394
2395
2400
2402
2403
2406
2409
2412
2415
2417
2421
2423
2424
2425
2428
2430
2433
2434
2435
2440
2441
2443
2452
2457
2458
2461
2465
2467
2483
2486
2493
2507
2513
2520
2523
2524
2525
2530
2532
2533
2536
2539
2541
2543
2546
2548
2550
2553
2556
2557
2563
2567
2568
2573
2577
2580
2586
2588
2594
2598
2599
2600
2603
2607
2612
2616
2618
2619
2620
2628
2635
2639
2641
2645
2648
2650
2655
2657
2660
2670
2672
2674
2677
2678
2681
2683
2688
2689
2690
2693
2696
2697
2701
2702
2704
2706
2707
2708
2711
2712
2713
2715
2716
2717
2721
2727
2728
2729
2730
2732
2740
2741
2743
2746
2747
2748
2749
2750
2752
2754
2755
2756
2757
2758
2759
2760
2768
2772
2773
2775
2776
2777
2778
2779
2785
2790
2802
2806
2811
2814
2815
2817
2822
2823
2826
2849
2865
2867
2874
2875
2877
2879
2880
2881
2882
2883
2884
2886
2889
2891
2892
2893
2894
2895
2896
2897
2898
2908
2910
2911
2912
2913
2914
2915
2918
2924
2929
2930
2931
2933
2934
2935
2936
2937
2938
2939
2940
2941
2943
2944
2945
2949
2950
2951
2953
2955
2957
2959
2961
2963
2964
2969
2970
2972
2974
2978
2979
2980
2981
2984
2987
2988
2989
2990
2991
2994
2995
2997
3000
3004
3006
3009
3014
3019
3021
3027
3032
3037
3048
3056
3062
3064
3072
3074
3076
3080
3085
3086
3088
3089
3090
3093
3094
3095
3096
3097
3098
3099
3100
3101
3102
3103
3104
3105
3106
3108
3111
3115
3121
3122
3125
3127
3128
3129
3132
3133
3135
3136
3137
3138
3139
3140
3143
3144
3145
3146
3148
3153
3155
3157
3161
3167
3168
3169
3171
3172
3174
3178
3179
3180
3181
3183
3189
3191
3193
3197
3205
3206
3214
3216
3220
3222
3229
3237
3241
3242
3247
3248
3253
3257
3264
3268
3271
3282
3283
3289
3290
3294
3298
3314
3315
3316
3319
3326
3327
3328
3329
3330
3331
3332
3333
3334
3336
3337
3340
3341
3342
3346
3349
3350
3352
3354
3355
3356
3357
3358
3361
3362
3369
3371
3373
3374
3383
3386
3388
3392
3395
3404
3405
3424
3465
3524
3526
3532
3537
3541
3542
3544
3553
3554
3555
3563
3564
3569
3659
3713
3763
3765
3769
3771
3774
3775
3777
3784
3785
3786
3787
3788
3789
3790
3799
3801
3802
3806
3822
3827
3834
3838
3839
3841
3845
3846
3847
3850
3853
3854
3855
3862
3870
3873
3875
3877
3881
3882
3886
3888
3889
3890
3894
3899
3904
3909
3918
3921
3924
3928
3929
3932
3933
3934
3936
3941
3944
3952
3953
3956
3962
3985
3986
3987
3992
3994
3998
3999
4000
4002
4006
4007
4008
4009
4010
4011
4012
4013
4014
4015
4016
4017
4019
4032
4035
4037
4040
4042
4052
4053
4054
4055
4056
4060
4063
4066
4067
4068
4070
4089
4096
4097
4098
4099
4100
4105
4108
4112
4130
4139
4140
4142
4173
4187
4189
4191
4201
4203
4215
4216
4221
4223
4225
4226
4236
4241
4250
4253
4254
4255
4260
4263
4266
4274
4280
4283
4297
4304
4306
4307
4314
4319
4328
4336
4340
4350
4352
4354
4356
4360
4362
4368
4380
4381
4382
4388
4393
4394
4395
4399
4400
4409
4422
4424
4439
4440
4441
4442
4443
4444
4445
4449
4450
4477
4489
4490
4491
4495
4508
4512
4513
4514
4515
4573
4602
4607
4653
4738
4744
4768
4779
4803
4874
4943
4946
4947
4955
4956
4957
4974
4983
5009
5010
5011
5265
5267
5282
5286
5288
5289
5299
5301
5364
5379
5380
5381
5391
5416
5442
5443
5445
5447
5449
5451
5555
5598
5600
5601
5602
5606
5608
5614
5617
5620
5623
5629
5635
5650
5651
5655
5662
5663
5665
5667
5674
5704
5709
5719
5720
5721
5728
5735
5739
5740
5741
5742
5743
5744
5747
5748
5758
5763
5764
5772
5774
5781
5783
5817
5820
5839
5892
5896
5902
5905
5909
5928
5965
5983
5997
6003
6014
6044
6046
6055
6056
6059
6068
6137
6149
6159
6171
6179
6193
6195
6196
6204
6206
6212
6262
6276
6281
6284
6286
6293
6295
6328
6338
6339
6343
6361
6366
6387
6388
6394
6408
6418
6435
6445
6452
6458
6460
6463
6467
6472
6496
6507
6539
6542
6552
6560
6568
6582
6587
6615
6625
6636
6653
6661
6670
6679
6682
6711
6712
6716
6733
6818
6835
6856
6885
6887
6894
6905
6916
6946
6951
6960
6975
6976
6977
7007
7008
7020
7042
7058
7104
7127
7152
7160
7165
7194
7211
7221
7239
7343
7370
7390
7392
7399
7401
7406
7410
7412
7416
7422
7423
7424
7427
7428
7429
7433
7435
7438
7450
7455
7459
7464
7466
7469
7474
7475
7483
7487
7490
7491
7494
7500
7505
7506
7507
7510
7513
7514
7515
7521
7522
7527
7530
7532
7535
7542
7545
7549
7551
7559
7560
7582
7589
7591
7592
7596
7598
7600
7611
7614
7628
7629
7636
7639
7647
7648
7649
7667
7670
7673
7683
7685
7701
7715
7716
7723
7725
7731
7734
7748
7750
7753
7754
7755
7764
7768
7770
7772
7773
7782
7785
7794
7801
7806
7809
7835
7844
7857
7860
7866
7877
7879
7883
7885
7890
7891
7895
7900
7907
7910
7912
7916
7926
7928
7941
7948
7954
7955
7965
7966
7967
7969
7972
7973
7976
7983
7985
8000
8006
8013
8014
8021
8022
8025
8033
8077
8084
8092
8109
8112
8125
8136
8137
8143
8144
8147
8149
8162
8170
8172
8176
8181
8186
8187
8189
8199
8215
8221
8224
8252
8264
8274
8276
8282
8307
8325
8331
8348
8353
8366
8373
8389
8396
8413
8426
8440
8451
8476
8494
8509
8522
8578
8620
8635
8637
8639
8642
8643
8646
8650
8651
8652
8667
8677
8683
8706
8722
8726
8744
8747
8749
8754
8759
8802
8805
8816
8821
8844
8873
8880
8888
8922
8923
8926
8930
8931
8935
8937
8938
8939
8941
8942
8943
8945
8946
8947
8949
8950
8953
8956
8957
8962
8963
8966
8968
8970
8973
8977
8978
8981
8983
8986
8987
8989
8990
8991
8992
8994
8997
8998
8999
9001
9005
9006
9007
9008
9010
9011
9012
9014
9015
9017
9019
9020
9021
9026
9032
9036
9037
9046
9047
9049
9054
9055
9059
9060
9062
9063
9069
9071
9072
9082
9083
9087
9088
9089
9090
9092
9093
9098
9099
9103
9105
9110
9111
9115
9120
9127
9131
9135
9138
9141
9143
9146
9148
9152
9154
9156
9158
9159
9162
9163
9164
9165
9167
9168
9170
9171
9175
9181
9189
9190
9194
9199
9201
9202
9210
9218
9219
9220
9224
9226
9228
9240
9241
9246
9253
9254
9259
9262
9263
9268
9275
9283
9293
9296
9297
9298
9300
9305
9307
9308
9310
9311
9312
9319
9321
9325
9328
9332
9333
9339
9340
9343
9347
9349
9353
9357
9358
9361
9363
9366
9368
9370
9374
9381
9383
9384
9385
9391
9394
9396
9399
9408
9412
9426
9449
9460
9461
9464
9475
9478
9482
9483
9539
9540
9541
9545
9554
9555
9556
9560
9561
9563
9564
9565
9566
9568
9570
9649
9652
9660
9665
9690
9691
9692
9696
9700
9734
9776
9799
9807
9815
9831
9834
9837
9846
9873
9901
9913
9929
9935
9941
9942
9943
9952
9959
9964
9967
9970
9971
9972
9983
9984
9986
9988
10015
10026
10036
10037
10038
10040
10042
10043
10044
10056
10058
10059
10060
10061
10062
10063
10069
10074
10075
10076
10077
10078
10079
10080
10081
10082
10083
10084
10091
10101
10102
10113
10116
10117
10144
10145
10159
10190
10235
10251
10262
10263
10265
10269
10271
10273
10284
10323
10327
10328
10330
10332
10334
10344
10349
10350
10353
10366
10371
10375
10377
10378
10379
10381
10389
10395
10436
10447
10486
10488
10490
10493
10495
10496
10508
10511
10512
10515
10519
10520
10521
10522
10524
10528
10532
10534
10539
10544
10547
10551
10558
10559
10563
10564
10570
10575
10580
10582
10592
10595
10597
10602
10605
10607
10608
10611
10617
10618
10654
10658
10665
10677
10703
10723
10749
10750
10772
10774
10801
10825
10833
10835
10836
10837
10839
10861
10881
10895
10913
10914
10929
10936
10938
10939
10959
10966
10974
10987
10990
10996
11003
11004
11012
11022
11024
11035
11049
11051
11052
11099
11109
11134
11141
11167
11174
11191
11192
11196
11235
11238
11247
11252
11259
11263
11265
11270
11272
11276
11285
11322
11345
11346
11347
11358
11360
11364
11382
11388
11399
11401
11407
11414
11437
11445
11480
11489
11511
11520
11526
11528
11578
11580
11611
11618
11625
11626
11627
11628
11631
11655
11658
11678
11689
11693
11696
11698
11701
11707
11709
11712
11717
11727
11770
11785
11789
11795
11802
11803
11805
11811
11828
11831
11832
11834
11853
11888
11922
12030
12048
12050
12051
12053
12072
12073
12074
12091
12097
12108
12109
12113
12114
12115
12116
12119
12122
12123
12124
12125
12136
12149
12154
12155
12159
12162
12178
12182
12189
12221
12222
12225
12236
12246
12249
12275
12276
12280
12281
12282
12283
12284
12296
12297
12329
12334
12336
12419
12420
12515
12516
12524
12527
12545
12547
12548
12557
12570
12573
12576
12577
12586
12588
12595
12598
12607
12611
12613
12619
12620
12624
12629
12635
12636
12639
12645
12665
12666
12683
12684
12693
12695
12699
12704
12706
12714
12720
12726
12729
12739
12750
12751
12753
12755
12759
12769
12775
12781
12783
12787
12798
12807
12809
12818
12819
12822
12823
12827
12835
12838
12840
12843
12854
12862
12866
12873
12885
12891
12896
12904
12917
12919
12923
12928
12935
12936
12941
12942
12949
12954
12956
12957
12962
12963
12964
12967
12970
12972
12977
12979
12984
12989
13004
13016
13034
13041
13043
13045
13049
13050
13052
13053
13059
13062
13068
13071
13077
13080
13081
13083
13085
13086
13088
13096
13101
13104
13108
13109
13124
13126
13132
13138
13141
13142
13148
13149
13152
13154
13166
13169
13176
13186
13187
13188
13193
13197
13252
13255
13260
13267
13279
13283
13288
13289
13290
13291
13293
13299
13319
13323
13334
13339
13349
13357
13368
13369
13391
13409
13412
13425
13427
13469
13471
13474
13482
13501
13506
13522
13565
13568
13577
13581
13582
13583
13590
13594
13600
13715
13719
13723
13765
13815
13822
13902
13907
13950
13997
14018
14050
14079
14080
14085
14160
14162
14163
14196
14197
14198
14235
14277
14292
14299
14308
14336
14344
14355
14362
14387
14396
14401
14411
14418
14430
14451
14469
14472
14473
14486
14488
14491
14493
14509
14517
14519
14520
14543
14546
14547
14549
14558
14573
14580
14583
14595
14597
14603
14604
14632
14635
14636
14676
14735
14801
14811
14821
14822
14916
14919
14921
14925
14942
15001
15002
15003
15004
15005
15006
15007
15008
15009
15010
15011
15012
15013
15014
15056
15059
15082
15119
15144
15173
15186
15234
15243
15245
15250
15270
15275
15282
15333
15344
15370
15442
15458
15470
15472
15474
15475
15480
15559
15576
15598
15600
15601
15605
15624
15625
15632
15633
15634
15636
15646
15647
15648
15652
15653
15660
15715
15716
15717
15718
15719
15720
15736
15737
15739
15743
15749
15753
15757
15761
15762
15766
15767
15771
15774
15779
15781
15786
15788
15798
15803
15812
15865
15870
15877
15880
15886
15887
15888
15890
15892
15895
15900
15901
15902
15909
15916
15920
15927
15943
15944
15945
15947
15948
15949
15953
15961
15962
15963
15968
15972
15973
15975
15979
15998
16001
16002
16004
16005
16006
16034
16035
16036
16037
16038
16039
16040
16041
16042
16043
16044
16045
16046
16047
16048
16049
16050
16051
16052
16053
16054
16055
16056
16057
16058
16059
16060
16061
16062
16063
16064
16065
16066
16067
16068
16069
16070
16072
16073
16074
16075
16076
16077
16078
16140
16153
16155
16165
16168
16170
16174
16176
16177
16180
16183
16188
16189
16193
16194
16213
16220
16224
16232
16234
16235
16242
16243
16250
16253
16257
16259
16262
16266
16271
16277
16290
16298
16303
16306
16310
16314
16317
16321
16325
16326
16327
16330
16334
16342
16343
16344
16349
16351
16353
16355
16358
16369
16372
16383
16384
16385
16391
16393
16401
16405
16409
16412
16413
16418
16420
16426
16433
16436
16437
16441
16449
16454
16461
16464
16466
16472
16474
16476
16479
16485
16486
16487
16488
16491
16493
16494
16495
16496
16501
16502
16504
16505
16510
16517
16519
16524
16527
16541
16551
16557
16562
16563
16564
16569
16574
16575
16582
16583
16585
16586
16589
16596
16597
16606
16617
16618
16619
16629
16631
16635
16642
16643
16644
16645
16652
16655
16658
16663
16668
16669
16673
16676
16678
16685
16687
16691
16701
16703
16708
16716
16717
16723
16724
16726
16729
16730
16734
16735
16737
16739
16742
16748
16750
16756
16759
16760
16763
16769
16775
16786
16793
16794
16797
16799
16801
16804
16809
16810
16812
16813
16814
16819
16825
16828
16829
16836
16839
16841
16843
16849
16851
16853
16855
16865
16868
16870
16871
16872
16876
16879
16880
16881
16884
16885
16886
16888
16889
16893
16894
16899
16900
16902
16906
16907
16908
16912
16922
16930
16933
16936
16938
16939
16941
16945
16946
16947
16952
16954
16961
16964
16969
16970
16974
16978
16980
16985
16987
16988
16990
16992
16995
16998
17006
17008
17009
17011
17012
17014
17017
17018
17021
17023
17025
17026
17029
17031
17035
17037
17039
17040
17041
17042
17044
17045
17046
17047
17054
17055
17060
17063
17064
17065
17067
17070
17072
17075
17077
17078
17084
17089
17094
17096
17097
17100
17109
17110
17111
17113
17117
17121
17124
17136
17139
17142
17149
17152
17156
17158
17159
17160
17161
17164
17167
17171
17175
17183
17184
17186
17193
17199
17201
17202
17203
17210
17212
17222
17227
17229
17230
17231
17232
17234
17239
17241
17242
17244
17251
17252
17255
17258
17260
17261
17263
17266
17269
17271
17274
17282
17283
17287
17291
17292
17296
17300
17301
17307
17309
17311
17318
17321
17334
17335
17338
17344
17348
17349
17356
17357
17358
17360
17364
17367
17374
17375
17379
17381
17385
17388
17389
17398
17412
17418
17420
17426
17432
17440
17442
17448
17453
17454
17458
17461
17463
17468
17475
17476
17477
17480
17481
17483
17490
17491
17499
17500
17503
17507
17509
17518
17525
17526
17527
17535
17541
17547
17560
17564
17570
17573
17577
17579
17582
17583
17588
17590
17591
17599
17606
17612
17614
17616
17617
17627
17630
17631
17632
17636
17637
17640
17641
17649
17650
17652
17658
17659
17661
17665
17666
17671
17673
17676
17682
17683
17684
17685
17686
17693
17694
17700
17704
17706
17711
17712
17717
17718
17725
17730
17743
17745
17746
17747
17753
17760
17761
17768
17771
17772
17777
17784
17787
17789
17792
17793
17796
17799
17803
17804
17806
17821
17823
17824
17825
17826
17827
17837
17846
17848
17850
17857
17859
17868
17870
17875
17878
17881
17882
17883
17885
17887
17889
17891
17898
17910
17912
17913
17916
17925
17926
17928
17934
17935
17936
17942
17946
17949
17950
17951
17953
17955
17957
17959
17961
17965
17968
17969
17972
17973
17974
17978
17985
17989
17992
17996
18004
18014
18019
18020
18021
18023
18024
18025
18026
18027
18028
18030
18031
18032
18033
18034
18035
18040
18044
18046
18048
18050
18068
18073
18074
18079
18080
18083
18086
18089
18095
18097
18102
18112
18115
18123
18125
18126
18127
18130
18131
18135
18136
18145
18146
18148
18149
18158
18163
18164
18166
18177
18183
18184
18185
18186
18187
18188
18190
18194
18201
18211
18216
18218
18219
18221
18222
18225
18233
18234
18239
18243
18245
18252
18255
18256
18259
18266
18272
18273
18275
18277
18278
18281
18282
18287
18291
18294
18296
18305
18307
18319
18323
18324
18327
18332
18334
18349
18353
18354
18355
18364
18367
18370
18374
18377
18378
18379
18380
18390
18395
18396
18400
18410
18416
18417
18418
18419
18423
18426
18439
18440
18444
18450
18452
18458
18468
18472
18474
18477
18480
18483
18488
18489
18490
18492
18495
18499
18505
18506
18510
18515
18532
18534
18535
18537
18543
18546
18547
18548
18550
18552
18553
18560
18564
18569
18570
18579
18581
18583
18585
18587
18589
18594
18597
18602
18603
18604
18609
18610
18611
18612
18615
18616
18619
18620
18622
18623
18624
18625
18630
18631
18634
18636
18637
18638
18641
18649
18656
18658
18659
18661
18672
18674
18679
18682
18683
18684
18692
18694
18699
18700
18705
18708
18726
18727
18729
18731
18733
18735
18737
18738
18740
18750
18753
18757
18762
18764
18765
18769
18773
18776
18782
18787
18788
18793
18794
18795
18802
18805
18807
18809
18815
18817
18818
18819
18821
18826
18830
18832
18833
18836
18838
18846
18847
18848
18855
18861
18864
18865
18870
18873
18875
18877
18883
18886
18887
18888
18889
18890
18891
18892
18894
18895
18898
18901
18902
18916
18918
18920
18924
18929
18934
18936
18938
18939
18942
18949
18953
18958
18959
18960
18965
18976
18978
18984
18987
18990
18991
18992
18997
18999
19000
19005
19011
19016
19019
19021
19022
19024
19026
19027
19029
19037
19041
19045
19047
19049
19051
19061
19067
19071
19072
19075
19079
19080
19083
19085
19087
19089
19091
19093
19098
19102
19104
19106
19109
19112
19115
19121
19126
19130
19131
19137
19140
19141
19147
19149
19157
19158
19159
19163
19168
19173
19175
19179
19180
19183
19184
19188
19196
19198
19200
19204
19205
19206
19210
19216
19220
19221
19230
19232
19238
19239
19246
19250
19253
19256
19265
19266
19269
19272
19275
19277
19289
19294
19297
19303
19306
19308
19314
19318
19325
19329
19333
19335
19336
19338
19340
19341
19349
19350
19351
19352
19356
19359
19361
19363
19368
19378
19380
19382
19385
19387
19390
19398
19402
19405
19416
19422
19425
19427
19428
19434
19435
19436
19437
19438
19440
19444
19446
19451
19456
19459
19473
19474
19477
19483
19490
19493
19497
19500
19503
19504
19510
19515
19526
19527
19530
19532
19533
19534
19536
19537
19546
19547
19548
19552
19555
19562
19573
19578
19580
19581
19583
19591
19592
19598
19604
19607
19609
19614
19618
19622
19624
19625
19626
19628
19636
19640
19645
19646
19648
19649
19651
19654
19666
19670
19675
19677
19678
19680
19687
19688
19689
19691
19693
19694
19695
19697
19701
19711
19714
19716
19720
19724
19727
19728
19729
19731
19735
19738
19740
19741
20991
21003
21012
21015
21023
21032
21061
21073
21078
21087
21102
21106
21107
21117
21124
21133
21134
21135
21136
21148
21159
21160
21175
21178
21181
21183
21186
21193
21195
21196
21201
21227
21253
21256
21257
21258
21259
21260
21261
21432
21439
21441
21449
21450
21455
21456
21466
21468
21469
21511
21512
21514
21515
21516
21521
21522
21523
21525
21526
21527
21528
21529
21532
21543
21564
21567
21568
21569
21658
21662
21663
21670
21671
21672
21673
21674
21675
21676
21677
21678
21682
21683
21685
21691
21692
21816
23279
23300
23312
23315
23317
23321
23322
23325
23326
23328
23329
23330
23331
23332
23333
23334
23335
23336
23338
23340
23341
23342
23343
23346
23348
23349
23350
23354
23355
23356
23357
23358
23359
23360
23361
23371
23373
23382
23392
23398
23399
23400
23404
23406
23408
23409
23411
23413
23414
23420
23427
23437
23444
23446
23455
23461
23464
23467
23489
23493
23515
23516
23518
23533
23536
23563
23572
23579
23592
23598
23603
23607
23611
23617
23618
23624
23632
23636
23637
23639
23641
23643
23659
23661
23664
23667
23668
23674
23678
23697
23701
23713
23716
23718
23720
23722
23731
23736
23741
23746
23753
23757
23760
23762
23764
23769
23849
23861
23891
23895
23898
23904
23908
23911
23914
23919
23924
23926
23930
23931
23932
23934
23937
23976
23977
23980
23987
23992
24005
24036
24053
24054
24057
24060
24061
24069
24071
24077
24080
24081
24083
24087
24088
24092
24093
24098
24099
24100
24103
24105
24106
24115
24116
24126
24133
24153
24154
24158
24163
24164
24176
24178
24180
24184
24185
24207
24217
24233
24236
24297
24299
24301
24319
24321
24323
24324
24330
24332
24334
24336
24338
24339
24341
24347
24349
24352
24353
24355
24359
24360
24365
24368
24371
24378
24379
24380
24381
24384
24385
24393
24395
24396
24397
24399
24406
24408
24414
24422
24423
24430
24431
24432
24433
24435
24436
24437
24445
24455
24456
24458
24459
24462
24463
24467
24468
24470
24473
24474
24476
24478
24481
24483
24486
24487
24490
24491
24494
24496
24498
24499
24504
24506
24509
24510
24512
24513
24515
24517
24518
24526
24527
24529
24532
24533
24537
24540
24543
24544
24548
24549
24550
24556
24570
24571
24582
24583
24586
24589
24590
24594
24602
24604
24606
24607
24609
24610
24611
24613
24615
24618
24619
24622
24626
24628
24629
24643
24645
24647
24649
24651
24652
24653
24654
24655
24656
24662
24665
24666
24671
24675
24679
24690
24692
24697
24698
24701
24705
24707
24718
24720
24723
24730
24731
24747
24748
24749
24750
24751
24752
24753
24782
24800
24815
24830
24834
24844
24845
24853
24854
24865
24873
24877
24878
24880
24881
24887
24890
24893
24896
24898
24899
24901
24902
24904
24905
24907
24913
24917
24934
24937
24945
24956
24957
24966
24968
24970
24978
24980
24988
25008
25018
25035
25039
25040
25041
25044
25048
25049
25050
25051
25052
25054
25057
25058
25062
25071
25072
25075
25076
25077
25079
25082
25086
25091
25096
25104
25105
25107
25109
25111
25114
25115
25118
25119
25121
25122
25124
25139
25143
25146
25147
25151
25152
25153
25155
25156
25163
25166
25175
25176
25183
25194
25198
25460
25498
25743
25886
25909
25911
25939
25942
25944
25950
25964
25971
25974
25975
26022
26040
26059
26151
26153
26154
26156
26164
26174
26199
26213
26224
26255
26261
26266
26307
26332
26338
26340
26366
26381
26388
26396
26403
26413
26416
26453
26467
26496
26500
26528
26536
26568
26695
26765
26766
26770
26775
26782
26791
26818
26819
26820
26821
26822
26835
26837
26842
26846
26854
26856
26868
26888
26892
26903
26915
26917
26920
26925
26927
26931
26937
26947
26953
26960
26966
26968
26969
26979
26980
26981
27005
27012
27013
27014
27016
27017
27022
27023
27033
27043
27049
27050
27056
27062
27076
27082
27085
27088
27089
27090
27098
27108
27112
27118
27120
27121
27125
27136
27137
27155
27159
27185
27213
27221
27243
27249
27256
27285
27289
27305
27351
27354
27355
27356
27358
27359
27360
27363
27364
27367
27369
27374
27377
27378
27384
27387
27403
27404
27408
27413
27414
27432
27449
27451
27455
27467
27473
27484
27493
27495
27496
27511
27518
27540
27541
27542
27549
27551
27579
27585
27589
27592
27600
27604
27610
27635
27647
27649
27651
27680
27682
27693
27704
27707
27712
27713
27714
27719
27724
27728
27732
27745
27758
27765
27770
27771
27774
27782
27785
27786
27787
27789
27790
27793
27794
27795
27796
27797
27798
27799
27800
27801
27802
27803
27804
27805
27807
27810
27812
27813
27814
27815
27816
27817
27819
27820
27823
27824
27825
27828
27830
27841
27843
27844
27845
27847
27848
27851
27856
27874
27877
27879
27880
27881
27884
27885
27887
27888
27889
27891
27892
27893
27894
27895
27896
27897
27898
27899
27900
27901
27903
27912
27914
27915
27924
27927
27929
27939
27945
27946
27950
27954
27955
27956
27957
27958
27959
27960
27964
27984
27986
27987
27988
27989
27990
27991
27992
27993
27994
27996
27997
27998
28001
28002
28009
28037
28046
28070
28072
28073
28074
28081
28082
28083
28084
28088
28090
28091
28092
28093
28094
28095
28096
28097
28099
28100
28101
28102
28105
28106
28122
28131
28134
28141
28154
28162
28167
28168
28169
28170
28171
28177
28181
28191
28197
28199
28207
28212
28213
28215
28216
28239
28240
28247
28248
28251
28255
28256
28258
28260
28261
28262
28265
28267
28269
28270
28273
28276
28283
28289
28297
28321
28326
28331
28339
28340
28345
28349
28350
28352
28364
28365
28366
28369
28371
28372
28377
28378
28380
28381
28385
28386
28390
28391
28392
28395
28397
28400
28403
28406
28407
28409
28410
28413
28414
28419
28420
28425
28433
28434
28437
28439
28440
28441
28443
28446
28448
28452
28457
28458
28461
28462
28465
28470
28474
28475
28479
28483
28484
28489
28490
28493
28496
28497
28501
28502
28505
28509
28513
28529
28533
28534
28564
28571
28585
28587
28599
28611
28617
28622
28627
28631
28636
28649
28668
28670
28671
28672
28678
28680
28681
28682
28690
28694
28711
28713
28732
28744
28745
28747
28764
28770
28772
28802
28810
28811
28812
28813
28815
28819
28837
28838
28841
28858
28864
28881
28916
28917
28920
28921
28922
28924
28927
28929
28931
28932
28935
28936
28938
28940
28942
28943
28951
28953
28958
28961
28963
28966
28967
28968
28972
28974
28984
28988
28994
29010
29024
29046
29049
29050
29054
29062
29063
29064
29065
29077
29083
29084
29088
29094
29096
29098
29104
29111
29112
29119
29126
29134
29144
29146
29148
29154
29157
29158
29168
29170
29177
29205
29206
29207
29210
29211
29213
29217
29218
29226
29227
29228
29230
29231
29235
29236
29240
29241
29245
29249
29250
29252
29255
29256
29261
29267
29268
29269
29275
29277
29285
29293
29294
29295
29297
29298
29302
29307
29310
29317
29319
29320
29322
29325
29330
29332
29335
29336
29384
29412
29436
29752
29783
29936
30031
30079
30090
30104
30132
30133
30138
30146
30180
30187
30192
30238
30241
30244
30262
30263
30270
30271
30287
30291
30295
30297
30304
30307
30308
30309
30316
30324
30325
30329
30332
30333
30335
30337
30338
30343
30344
30346
30348
30350
30352
30353
30354
30356
30358
30359
30360
30362
30363
30365
30368
30369
30371
30374
30375
30381
30385
30386
30389
30390
30391
30392
30397
30398
30400
30416
30417
30419
30425
30427
30429
30430
30436
30437
30497
30525
30538
30543
30545
30573
30617
30673
30680
30683
30703
30826
30879
30905
30908
30938
30944
30976
31002
31032
31041
31042
31054
31062
31069
31099
31115
31118
31143
31147
31152
31162
31170
31272
31277
31293
31299
31316
31328
31349
31350
31376
31588
31593
31599
31612
31617
31633
31636
31645
31649
31665
31767
31769
31813
31834
31847
31872
31879
31881
31887
31949
31950
31964
31969
32009
32015
32033
32044
32052
32056
32201
32216
32221
32222
32228
32230
32243
32245
32247
32251
32264
32279
32284
32291
32294
32298
32300
32301
32306
32317
32328
32331
32365
32377
32403
32410
32417
32418
32421
32422
32429
32430
32438
32445
32446
32447
32451
32468
32476
32480
32483
32484
32485
32486
32488
32489
32492
32493
32496
32498
32499
32501
32504
32506
32519
32520
32521
32522
32523
32524
32525
32526
32527
32528
32529
32530
32531
32532
32533
32534
32535
32536
32537
32538
32539
32540
32541
32542
32543
32544
32545
32546
32547
32548
32549
32550
32551
32565
32571
32574
32577
32580
32583
32591
32593
32597
32601
32602
32607
32610
32612
32617
32620
32622
32623
32624
32625
32629
32631
32691
32693
32741
32769
32799
32878
32881
32885
32886
32887
32888
32889
32892
32893
32894
32978
32998
33015
33016
33023
33031
33042
33065
33067
33082
33083
33085
33095
33098
33103
33106
33107
33111
33112
33119
33129
33131
33168
33200
33218
33225
33246
33247
33256
33271
33295
33299
33301
33302
33308
33330
33368
33394
33406
33413
33414
33431
33433
33440
33447
33457
33472
33479
33484
33504
33530
33541
33549
33561
33563
33564
33569
33570
33578
33600
33606
33608
33626
33734
33738
33778
33789
33793
33807
33823
33838
33846
33870
33905
33909
33917
33921
33928
33951
33953
33954
33955
34255
34330
34340
34390
34410
34414
34452
34466
34487
34522
34533
34694
34886
35077
35081
35093
35128
35142
35187
35206
35232
35317
35335
35336
35344
35348
35378
35397
35464
35465
35473
35508
35526
35529
35564
35584
35588
35596
35661
35663
35670
35675
35677
35680
35687
35690
35711
35768
35816
35828
35832
35841
35850
35851
35885
35887
36093
36096
36101
36107
36108
36153
36154
36178
36202
36219
36225
36229
36233
36249
36265
36286
36291
36293
36298
36335
36339
36341
36355
36364
36368
36369
36372
36373
36389
36398
36399
36400
36403
36419
36430
36436
36439
36469
36478
36488
36494
36498
36536
36548
36564
36588
36651
36682
36719
36806
36807
36877
36907
36993
37007
37011
37022
37028
37057
37060
37072
37079
37083
37087
37090
37092
37094
37110
37169
37176
37184
37189
37194
37209
37230
37234
37246
37248
37269
37287
37314
37320
37366
37368
37378
37381
37392
37395
37400
37419
37421
37575
37796
37862
37863
37866
37874
37875
37929
37974
37977
37987
37988
37997
38032
38134
38186
38202
38216
38219
38226
38227
38228
38229
38231
38232
38236
38237
38239
38241
38244
38247
38252
38273
38276
38277
38278
38279
38302
38316
38325
38337
38339
38340
38344
38345
38347
38349
38356
38358
38364
38373
38384
38385
38386
38389
38393
38396
38400
38403
38405
38406
38409
38411
38412
38413
38415
38416
38420
38426
38431
38434
38436
38437
38438
38441
38444
38447
38449
38450
38459
38661
38832
38865
38879
39079
39110
39154
39167
39168
39192
39211
39227
39243
39299
39324
39332
39334
39335
39338
39340
39341
39345
39456
39457
39465
39483
39504
39505
39518
39519
39524
39531
39533
39535
39536
39540
39552
39553
39562
39571
39572
39574
39597
39728
39730
39731
39732
40618
40620
40684
40686
40691
40696
40697
40698
40702
40707
40711
40715
40719
40730
40734
40735
40738
40741
40742
40743
40744
40746
40747
40751
40753
40758
40762
40764
40777
40778
40780
40781
40785
40789
40791
40793
40794
40795
40796
40800
40803
40804
40811
40814
40815
40820
40821
40822
40828
40841
40842
40843
40844
40846
40847
40849
40850
40851
40852
40854
40856
40858
40859
40860
40864
40865
40867
40868
40869
40870
40871
40872
40873
40874
40875
40876
40908
40927
40942
40954
40955
40979
40981
40988
40991
40993
40997
40998
41001
41004
41007
41008
41010
41016
41020
41026
41034
41073
41076
41080
41086
41087
41092
41103
41125
41130
41132
41134
41136
41137
41139
41141
41145
41147
41151
41152
41153
41156
41158
41161
41163
41164
41173
41207
41229
41275
41276
41290
41307
41345
41350
41352
41371
41387
41391
41437
41439
41444
41445
41449
41450
41454
41455
41456
41465
41469
41470
41485
41501
41503
41504
41506
41507
41515
41516
41517
41518
41519
41520
41521
41522
41529
41531
41534
41539
41543
41544
41545
41551
41553
41554
41562
41566
41567
41575
41579
41601
41621
41623
41628
41629
41633
41637
41642
41646
41650
41653
41654
41658
41659
41664
41675
41683
41685
41686
41690
41701
41702
41703
41704
41705
41706
41707
41720
41738
41755
41765
41770
41780
41820
41822
41824
41825
41827
41828
41831
41835
41838
41842
41843
41844
41847
41855
41856
41857
41863
41871
41873
41874
41877
41880
41881
41883
41888
41901
41939
41955
41986
42033
42034
42045
42051
42120
42132
42140
42157
42160
42163
42179
42180
42190
42197
42202
42231
42244
42246
42255
42260
42266
42275
42276
42278
42299
42322
42335
42337
42351
42352
42353
42354
42357
42361
42370
42373
42384
42387
42390
42398
42402
42403
42405
42410
42411
42417
42419
42420
42421
42423
42425
42427
42429
42430
42434
42436
42439
42440
42441
42442
42443
42445
42449
42450
42451
42452
42454
42455
42456
42460
42461
42462
42471
42476
42483
42484
42493
42501
42514
42530
42535
42539
42540
42541
42543
42544
42545
42547
42552
42556
42561
42563
42564
42566
42569
42573
42576
42578
42581
42585
42587
42590
42598
42600
42604
42611
42614
42638
42640
42641
42661
42736
42738
42741
42784
42786
42796
42808
42845
42848
42849
42854
42855
42856
42859
42874
42886
42890
42893
42967
42972
42981
42986
43014
43041
43053
43070
43075
43082
43090
43093
43096
43137
43145
43148
43151
43153
43154
43161
43170
43183
43211
43218
43219
43223
43228
43236
43239
43245
43248
43253
43258
43261
43264
43265
43267
43278
43280
43282
43286
43288
43289
43291
43293
43319
43320
43325
43372
43373
43376
43378
43379
43387
43392
43395
43408
43444
43452
43460
43465
43468
43470
43473
43479
43486
43487
43489
43495
43499
43502
43503
43505
43506
43507
43508
43511
43524
43527
43528
43529
43531
43534
43540
43581
43591
43611
43626
43652
43653
43668
43673
43676
43677
43687
43693
43708
43709
43722
43752
43787
43791
43804
43841
43842
43864
43869
43870
43876
43882
43883
43911
43918
43920
43921
43927
43931
43939
43945
43946
43950
43963
43968
43969
43970
43975
43989
43997
44009
44012
44016
44019
44023
44027
44028
44039
44040
44041
44042
44045
44047
44048
44051
44052
44056
44057
44063
44067
44068
44069
44088
44096
44098
44151
44152
44153
44155
44160
44167
44169
44175
44185
44191
44242
44246
44253
44255
44266
44313
44327
44337
44348
44382
44398
44407
44412
44413
44418
44423
44425
44450
44459
44461
44484
44489
44494
44545
44550
44559
44560
44564
44568
44571
44587
44610
44613
44614
44615
44620
44643
44649
44651
44656
44659
44664
44667
44672
44679
44681
44687
44691
44694
44697
44700
44704
44723
44732
44741
44744
44774
44778
44787
44818
44819
44820
44825
44826
44830
44832
44838
44841
44842
44849
44859
44866
44871
44877
44905
44971
44984
45017
45023
45062
45090
45091
45092
45108
45120
45147
45148
45151
45158
45162
45163
45166
45167
45168
45169
45170
45172
45174
45180
45181
45184
45185
45186
45187
45188
45191
45192
45193
45194
45198
45199
45200
45201
45202
45204
45206
45215
45426
45459
45465
45517
45519
45524
45526
45529
45545
45553
45604
45606
45620
45627
45633
45639
45650
45654
45656
45665
45666
45686
45697
45714
45715
45743
45753
45764
45769
45776
45778
45806
45810
45815
45817
45819
45826
45833
45839
45845
45864
45892
45910
45913
45916
45933
45937
45941
45944
45947
45954
45990
46000
46003
46011
46015
46019
46029
46032
46034
46051
46090
46100
46103
46107
46108
46239
46241
46242
46243
46244
46252
46253
46261
46263
46273
46275
46278
46279
46293
46294
46299
46320
46321
46324
46326
46332
46337
46339
46353
46354
46358
46359
46361
46363
46366
46369
46370
46374
46375
46379
46382
46390
46399
46403
46405
46406
46407
46408
46411
46413
46416
46419
46420
46421
46422
46423
46425
46426
46428
46429
46430
46432
46442
46447
46455
46464
46467
46468
46469
46471
46472
46474
46476
46477
46478
46490
46542
46711
46720
46793
46851
46887
46892
46913
47098
47126
47128
47132
47135
47138
47141
47146
47160
47164
47175
47225
47244
47281
47307
47316
47325
47330
47334
47335
47340
47345
47346
47347
47349
47350
47351
47352
47353
47354
47357
47358
47359
47361
47362
47366
47367
47368
47369
47370
47373
47374
47377
47378
47379
47380
47382
47386
47388
47390
47391
47400
47403
47405
47415
47416
47424
47432
47437
47438
47439
47443
47444
47452
47459
47489
47490
47491
47505
47535
47536
47539
47540
47543
47544
47545
47552
47553
47556
47558
47562
47563
47566
47568
47571
47583
47586
47589
47592
47594
47600
47603
47606
47617
47621
47623
47627
47687
47900
47901
47902
47903
47906
47907
47908
47910
47911
47914
47917
47923
47932
47951
47966
48011
48013
48015
48018
48020
48025
48028
48029
48032
48034
48035
48107
48120
48188
48206
48209
48212
48213
48220
48228
48237
48242
48253
48256
48265
48266
48276
48278
48279
48284
48289
48308
48312
48314
48316
48317
48329
48336
48339
48375
48377
48399
48442
48481
48484
48489
48495
48497
48504
48509
48511
48516
48519
48538
48546
48548
48549
48550
48551
48554
48556
48586
48590
48604
48608
48616
48625
48635
48640
48646
48653
48656
48674
48677
48678
48698
48699
48701
48706
48709
48710
48711
48722
48726
48733
48734
48735
48736
48738
48741
48743
48746
48747
48749
48753
48755
48756
48757
48760
48762
48765
48766
48768
48770
48774
48778
48783
48784
48787
48789
48792
48793
48795
48799
48807
48808
48809
48813
48815
48816
48817
48818
48823
48824
48826
48827
48838
48845
48846
48847
48850
48855
48856
48867
48873
48874
48875
48878
48881
48882
48883
48887
48891
48893
48895
48897
48898
48903
48907
48909
48910
48911
48912
48914
48921
48922
48925
48926
48931
48934
48935
48936
48937
48938
48943
48945
48948
48949
48953
48954
48955
48956
48957
48958
48959
48960
48964
48965
48966
48967
48968
48971
48974
48976
48977
48978
48980
48982
48983
48986
48987
48989
48991
48994
48997
49000
49001
49002
49004
49005
49006
49010
49013
49014
49015
49016
49017
49018
49020
49021
49022
49023
49025
49028
49029
49031
49034
49035
49040
49042
49043
49044
49045
49046
49047
49048
49049
49050
49051
49052
49053
49054
49055
49056
49057
49060
49063
49064
49066
49067
49068
49069
49072
49073
49074
49075
49076
49077
49079
49083
49087
49088
49089
49092
49096
49097
49099
49102
49106
49114
49120
49123
49125
49129
49132
49135
49139
49141
49145
49147
49150
49151
49152
49155
49157
49159
49163
49164
49165
49170
49173
49174
49175
49176
49177
49180
49185
49188
49189
49190
49194
49195
49199
49206
49214
49217
49218
49219
49220
49222
49227
49228
49229
49232
49237
49239
49245
49248
49250
49251
49256
49259
49262
49263
49264
49266
49269
49270
49272
49273
49275
49276
49279
49282
49283
49284
49301
49302
49305
49306
49309
49314
49316
49317
49320
49322
49323
49324
49325
49327
49330
49334
49335
49336
49341
49352
49353
49355
49356
49357
49358
49361
49365
49371
49375
49376
49385
49393
49395
49396
49398
49401
49404
49406
49418
49419
49420
49421
49425
49444
49445
49449
49450
49452
49453
49455
49456
49460
49466
49470
49472
49473
49474
49475
49477
49481
49482
49483
49485
49488
49492
49495
49498
49503
49509
49512
49515
49516
49524
49527
49535
49543
49545
49557
49573
49574
49579
49581
49607
49617
49618
49624
49626
49631
49635
49637
49638
49639
49641
49642
49643
49645
49646
49647
49648
49654
49655
49656
49659
49661
49662
49666
49668
49687
49693
49696
49703
49709
49714
49719
49736
49760
49762
49763
49769
49775
49776
49779
49788
49791
49797
49800
49806
49813
49816
49841
49855
49882
49888
49908
49911
49917
49918
49929
49933
49935
49941
49943
49947
49971
49977
49997
50003
50025
50048
50068
50078
50087
50091
50092
50101
50103
50111
50113
50131
50139
50141
50144
50145
50153
50161
50162
50163
50169
50173
50178
50188
50200
50482
50499
50502
50514
50522
50533
50534
50543
50552
50556
50567
50568
50573
50579
50592
50595
50597
50601
50607
50609
50611
50615
50619
50621
50622
50623
50625
50627
50656
50668
50676
50707
50709
50713
50714
50715
50719
50729
50737
50741
50748
50749
50752
50757
50758
50759
50763
50765
50766
50779
50787
50858
50861
50862
50866
50867
50893
50901
50905
50906
50907
50909
50910
50911
50913
50914
50916
50917
50918
50921
50922
50923
50926
50927
50933
50934
50937
50939
50940
50973
50975
50978
50979
50983
50988
51010
51012
51018
51025
51030
51032
51045
51046
51053
51054
51059
51060
51063
51068
51078
51079
51087
51124
51133
51137
51144
51145
51146
51147
51148
51151
51160
51162
51171
51173
51387
51397
51400
51425
51426
51427
51428
51429
51430
51431
51432
51433
51434
51435
51436
51437
51438
51439
51440
51444
51445
51448
51452
51454
51456
51457
51459
51469
51474
51475
51476
51477
51481
51486
51567
51569
51570
51574
51575
51580
51586
51591
51592
51593
51594
51595
51597
51598
51601
51602
51603
51604
51605
51606
51611
51614
51616
51624
51629
51636
51638
51643
51644
51645
51646
51648
51649
51650
51651
51652
51655
51656
51657
51658
51660
51661
51663
51670
51671
51673
51674
51677
51678
51679
51682
51683
51684
51690
51691
51692
51693
51704
51707
51708
51709
51717
51718
51719
51720
51723
51724
51728
51729
51734
51737
51746
51749
51750
51751
51753
51755
51757
51758
51759
51761
51763
51765
51769
51776
51777
51780
51783
51785
51786
51787
51788
51789
51790
51791
51793
51794
51797
51798
51799
51800
51802
51803
51817
51818
51819
51826
51831
51838
51839
51844
51845
51847
51848
51856
51857
51858
51869
51874
51881
51882
51883
51886
51887
51888
51889
51890
51895
51896
51897
51899
51900
51901
51902
51914
51915
51918
51924
51925
51932
51934
51959
51965
51971
51972
51979
51982
51983
51984
51985
51986
51991
51992
51993
51995
51997
51998
51999
52000
52002
52003
52004
52007
52015
52016
52017
52040
52041
52043
52044
52046
52047
52051
52064
52065
52068
52071
52072
52074
52078
52079
52087
52090
52091
52093
52096
52098
52101
52102
52104
52112
52113
52114
52118
52119
52120
52121
52122
52123
52124
52125
52144
52147
52156
52157
52161
52162
52173
52176
52177
52179
52181
52184
52188
52191
52195
52201
52202
52204
52209
52210
52213
52215
52216
52218
52221
52223
52224
52225
52226
52228
52229
52230
52232
52234
52236
52237
52238
52239
52240
52241
52242
52243
52244
52245
52247
52248
52249
52250
52251
52252
52253
52254
52256
52257
52258
52259
52260
52261
52262
52264
52266
52267
52268
52270
52271
52273
52274
52275
52276
52277
52278
52279
52282
52283
52284
52285
52286
52287
52288
52289
52290
52291
52293
52294
52295
52299
52305
52321
52348
52369
52370
52443
52452
52511
52517
52538
52539
52540
52542
52543
52544
52545
52546
52547
52548
52549
52550
52551
52552
52553
52554
52555
52556
52557
52558
52559
52560
52561
52562
52563
52564
52565
52566
52568
52570
52571
52572
52574
52575
52577
52578
52579
52581
52584
52585
52586
52588
52591
52592
52594
52595
52597
52600
52601
52602
52604
52607
52608
52609
52610
52611
52612
52614
52615
52616
52617
52618
52619
52620
52622
52624
52625
52626
52627
52628
52629
52630
52631
52632
52633
52635
52636
52637
52638
52639
52640
52642
52643
52644
52645
52647
52648
52649
52651
52652
52653
52657
52658
52659
52668
52669
52670
52673
52674
52676
52677
52679
52680
52681
52684
52685
52686
52687
52689
52690
52691
52693
52695
52699
52701
52702
52703
52705
52706
52708
52709
52710
52711
52716
52717
52718
52723
52725
52726
52729
52730
52732
52733
52735
52740
52742
52743
52745
52746
52748
52750
52751
52758
52760
52761
52763
52764
52765
52768
52770
52772
52773
52779
52782
52786
52789
52793
52794
52796
52801
52803
52806
52807
52809
52810
52811
52812
52813
52814
52815
52816
52817
52818
52819
52820
52821
52823
52825
52826
52827
52829
52831
52833
52836
52843
52844
52845
52846
52848
52849
52850
52851
52853
52854
52855
52856
52857
52858
52859
52861
52862
52863
52868
52874
52877
52880
52883
52892
52893
52894
52896
52898
52911
52913
52916
52917
52918
52920
52922
52926
52927
52929
52931
52933
52937
52946
52948
52951
52952
52956
52961
52962
52963
52964
52965
52966
52967
52968
52969
52971
52972
52973
52975
52977
52978
52979
52982
52984
52987
52990
52995
52998
53002
53003
53004
53006
53010
53014
53022
53024
53025
53026
53028
53029
53032
53033
53035
53037
53039
53041
53045
53046
53055
53059
53061
53065
53076
53077
53079
53083
53084
53085
53086
53087
53088
53090
53091
53092
53094
53095
53096
53097
53098
53099
53100
53102
53103
53104
53105
53106
53107
53109
53110
53111
53112
53114
53115
53116
53117
53118
53119
53121
53122
53124
53125
53127
53128
53130
53131
53132
53133
53134
53136
53137
53141
53142
53143
53144
53146
53147
53150
53155
53157
53158
53159
53160
53161
53162
53163
53165
53166
53168
53169
53170
53172
53173
53176
53178
53180
53181
53182
53183
53184
53185
53186
53187
53188
53191
53192
53193
53194
53198
53200
53201
53204
53207
53208
53209
53211
53212
53213
53214
53216
53217
53218
53221
53222
53225
53226
53228
53229
53236
53239
53240
53244
53245
53246
53247
53248
53249
53251
53252
53253
53255
53256
53257
53259
53262
53263
53266
53267
53268
53269
53270
53273
53274
53276
53277
53278
53280
53281
53282
53283
53284
53285
53286
53288
53293
53297
53302
53303
53307
53313
53316
53319
53321
53322
53324
53326
53327
53329
53330
53331
53333
53340
53341
53343
53345
53347
53348
53349
53350
53352
53353
53354
53355
53356
53357
53358
53368
53369
53371
53372
53375
53377
53379
53380
53383
53384
53385
53387
53389
53397
53400
53404
53409
53411
53413
53416
53417
53418
53419
53429
53433
53435
53442
53445
53452
53462
53463
53465
53466
53467
53468
53469
53470
53474
53475
53478
53480
53483
53484
53488
53492
53493
53494
53495
53496
53497
53500
53502
53503
53504
53505
53506
53507
53508
53509
53510
53512
53513
53514
53515
53517
53518
53524
53525
53529
53532
53534
53541
53546
53549
53554
53556
53562
53564
53566
53567
53568
53569
53570
53571
53573
53574
53575
53576
53577
53580
53583
53584
53586
53588
53589
53592
53594
53596
53597
53598
53600
53601
53602
53605
53607
53609
53612
53613
53614
53615
53616
53618
53620
53622
53623
53626
53637
53646
53655
53656
53660
53667
53668
53674
53677
53681
53684
53686
53687
53688
53689
53695
53700
53703
53708
53709
53713
53715
53719
53721
53722
53723
53724
53727
53728
53732
53733
53739
53782
53844
53848
53933
53990
54098
54164
54192
54197
54219
54236
54269
54284
54320
54332
54387
54388
54484
54499
54546
54559
54595
54604
54605
54608
54615
54618
54622
54628
54631
54640
54642
54643
54646
54649
54651
54653
54656
54657
54659
54660
54661
54662
54666
54673
54674
54675
54676
54677
54958
54959
54960
54961
54962
54963
54964
54965
54966
54967
54968
54969
54970
54971
54972
55195
55200
55210
55216
55229
55281
55283
55290
55292
55295
55303
55309
55310
55313
55323
55328
55346
55349
55350
55355
55356
55360
55362
55383
55389
55392
55397
55398
55402
55403
55404
55406
55408
55411
55412
55415
55416
55419
55421
55422
55424
55426
55427
55429
55430
55434
55435
55436
55438
55439
55441
55442
55445
55446
55448
55449
55452
55453
55454
55459
55468
55474
55476
55477
55479
55480
55482
55483
55487
55488
55489
55491
55492
55493
55494
55496
55498
55499
55500
55502
55504
55505
55506
55507
55511
55512
55514
55515
55516
55517
55518
55521
55522
55523
55528
55529
55530
55531
55534
55535
55536
55540
55541
55544
55545
55547
55548
55550
55563
55565
55567
55572
55575
55693
55694
55697
55701
55702
55703
55706
55711
55712
55713
55714
55720
55734
55738
55744
55745
55751
55765
55854
55858
55859
55860
55862
55863
55895
55942
55945
55946
55947
55948
55951
55952
55954
55957
55959
55960
55961
55962
55964
55966
55967
55968
55969
55970
55971
55972
55973
55976
56018
56209
56214
56235
61394
61426
61429
61431
61434
61439
61450
61453
61455
61458
61461
61463
61467
61468
61469
61472
61494
61499
61500
61501
61502
61505
61508
61511
61517
61520
61522
61529
61530
61532
61535
61536
61538
61539
61547
61549
61557
61558
61566
61568
61571
61572
61577
61582
61588
61589
61591
61596
61601
61602
61603
61609
61610
61611
61623
61625
61626
61628
61629
61631
61642
61643
61646
61651
61652
61654
61656
61658
61659
61660
61662
61663
61665
61666
61668
61669
61670
61671
61672
61673
61674
61675
61677
61688
61691
61696
61714
61716
61718
61798
61816
61888
61922
61933
61939
61944
61965
62010
62020
62059
62061
62074
62109
62139
62143
62148
62151
62152
62153
62158
62161
62166
62171
62174
62175
62176
62179
62180
62182
62183
62184
62186
62187
62188
62191
62194
62195
62196
62197
62198
62199
62200
62201
62202
62205
62206
62207
62208
62209
62211
62214
62215
62217
62219
62220
62223
62224
62225
62229
62230
62237
62241
62242
62243
62246
62247
62248
62251
62252
62257
62258
62261
62262
62264
62268
62269
62271
62273
62276
62282
62284
62285
62287
62288
62290
62291
62292
62293
62297
62299
62302
62306
62308
62311
62313
62318
62325
62332
62333
62335
62336
62338
62339
62341
62348
62349
62350
62351
62353
62354
62355
62362
62365
62370
62372
62376
62377
62378
62379
62382
62385
62388
62393
62394
62398
62399
62404
62405
62406
62408
62409
62411
62443
62445
62446
62448
62453
62467
62469
62471
62476
62481
62482
62483
62484
62485
62486
62488
62493
62495
62496
62499
62500
62503
62524
62537
62538
62539
62543
62547
62549
62550
62551
62552
62553
62554
62556
62557
62559
62560
62561
62565
62567
62569
62570
62571
62573
62576
62579
62580
62584
62587
62593
62597
62599
62603
62612
62618
62619
62652
62653
62657
62668
62671
62681
62699
62701
62705
62706
62722
62724
62725
62726
62727
62730
62731
62732
62734
62736
62747
62770
62774
62780
62786
62800
62801
62825
62833
62835
62836
62841
62844
62845
62848
62852
62854
62858
62859
62861
62863
62868
62874
62875
62876
62881
62885
62897
62899
62903
62909
62913
62931
62945
62952
62956
62961
62982
62996
63048
63058
63060
63065
63084
63139
63142
63176
63178
63186
63192
63268
63269
63270
63276
63278
63281
63294
63298
63299
63303
63306
63308
63312
63313
63316
63317
63319
63321
63323
63324
63325
63326
63327
63328
63330
63331
63332
63334
63335
63337
63338
63343
63347
63348
63350
63352
63354
63355
63357
63358
63359
63361
63365
63366
63371
63374
63375
63376
63379
63381
63384
63387
63388
63389
63390
63391
63393
63396
63397
63401
63402
63403
63405
63408
63409
63410
63413
63420
63421
63422
63425
63427
63429
63430
63435
63443
63446
63453
63455
63456
63457
63459
63463
63466
63467
63470
63473
63474
63480
63481
63482
63486
63488
63489
63497
63499
63507
63509
63533
63535
63536
63538
63544
63556
63557
63558
63564
63567
63569
63579
63581
63582
63584
63585
63586
63587
63588
63589
63590
63592
63593
63594
63597
63598
63600
63601
63637
63655
63664
63668
63676
63677
63680
63687
63689
63691
63694
63695
63700
63712
63713
63715
63718
63719
63722
63724
63745
63747
63749
63750
63751
63754
63755
63759
63798
63805
63828
63837
63845
63846
63850
63853
63857
63869
63873
63877
63881
63888
63910
63911
63921
63937
63941
63944
63949
63951
63953
63958
63960
63961
63965
63966
63967
63970
63976
63985
63994
63995
63997
63998
64051
64054
64059
64066
64075
64079
64083
64102
64107
64108
64119
64120
64123
64130
64139
64142
64143
64157
64159
64163
64165
64167
64168
64173
64174
64181
64186
64194
64200
64225
64242
64256
64258
64260
64301
64315
64329
64336
64341
64343
64344
64400
64446
64454
64459
64462
64464
64465
64466
64467
64473
64474
64475
64477
64478
64480
64482
64483
64485
64486
64487
64488
64489
64490
64491
64492
64494
64495
64496
64498
64499
64500
64501
64502
64505
64507
64509
64510
64511
64512
64513
64514
64516
64517
64518
64519
64520
64521
64522
64523
64524
64525
64526
64527
64529
64530
64531
64532
64533
64534
64535
64536
64537
64538
64539
64540
64541
64542
64543
64544
64545
64546
64547
64548
64549
64551
64552
64553
64554
64555
64556
64559
64560
64562
64563
64564
64565
64566
64567
64569
64570
64571
64573
64574
64575
64578
64579
64580
64581
64584
64585
64586
64587
64588
64589
64590
64591
64592
64594
64595
64596
64597
64598
64600
64601
64602
64606
64607
64610
64611
64613
64614
64615
64616
64617
64618
64622
64623
64624
64625
64626
64627
64628
64634
64636
64637
64639
64640
64641
64642
64643
64645
64651
64661
64663
64666
64670
64671
64672
64674
64679
64681
64684
64685
64686
64687
64688
64690
64692
64694
64696
64699
64700
64701
64702
64705
64706
64707
64709
64710
64711
64712
64713
64714
64715
64716
64718
64719
64720
64721
64722
64723
64727
64728
64730
64733
64734
64736
64737
64743
64745
64747
64748
64751
64753
64756
64759
64760
64761
64763
64766
64775
64780
64800
64801
64803
64805
64809
64816
64817
64819
64820
64822
64823
64826
64827
64831
64835
64838
64849
64854
64863
64868
64869
64870
64871
64872
64876
64879
64880
64900
64913
64926
64932
64934
64935
64938
64941
64945
64947
64958
64960
64961
64964
64966
64972
64975
64980
64982
64988
64992
64994
64998
65000
65002
65004
65005
65006
65007
65008
65010
65011
65012
65013
65016
65018
65019
65020
65021
65022
65023
65025
65027
65029
65030
65031
65032
65033
65034
65035
65036
65038
65039
65040
65041
65043
65044
65045
65046
65047
65048
65049
65050
65051
65052
65053
65054
65055
65056
65057
65058
65059
65060
65061
65062
65063
65064
65065
65066
65067
65068
65069
65070
65071
65072
65073
65074
65075
65076
65077
65078
65079
65080
65081
65082
65083
65084
65085
65086
65087
65089
65090
65091
65092
65093
65094
65095
65096
65097
65098
65099
65100
65101
65102
65103
65104
65105
65106
65107
65108
65109
65110
65111
65112
65113
65114
65115
65116
65117
65118
65119
65120
65121
65122
65123
65124
65125
65126
65127
65128
65129
65130
65131
65132
65133
65134
65135
65136
65137
65138
65139
65140
65141
65142
65143
65203
65206
65216
65234
65255
65265
65268
65275
65278
65282
65287
65290
65298
65306
65309
65316
65361
65368
65382
65385
65400
65401
65410
65419
65422
65426
65432
65443
65447
65450
65453
65455
65456
65457
65463
65466
65471
65473
65475
65476
65477
65479
65481
65482
65489
65494
65496
65502
65503
65505
65506
65509
65518
65525
65548
65549
65561
65579
65588
65592
65595
65613
65622
65634
65636
65644
65658
65672
65683
65692
65697
65700
65701
65704
65705
65708
65716
65723
65728
65743
65750
65760
65764
65766
65774
65778
65792
65795
65796
65797
65800
65810
65816
65825
65826
65835
65837
65840
65845
65846
65848
65851
65856
65860
65863
65877
65885
65886
65888
65889
65891
65903
65904
65909
65912
65922
65926
65931
65936
65942
65944
65946
65952
65956
65959
65960
65961
65966
65976
65978
65992
66000
66005
66007
66009
66011
66012
66014
66015
66020
66022
66027
66032
66041
66051
66052
66058
66059
66060
66065
66071
66073
66077
66079
66087
66093
66101
66105
66108
66110
66112
66115
66117
66121
66125
66126
66128
66131
66134
66135
66137
66143
66150
66165
66166
66172
66173
66174
66176
66179
66184
66185
66187
66188
66194
66195
66201
66202
66217
66230
66234
66236
66239
66246
66247
66248
66249
66252
66257
66259
66262
66264
66270
66281
66283
66293
66297
66300
66303
66305
66306
66319
66320
66326
66331
66333
66339
66347
66348
66349
66354
66360
66363
66364
66369
66381
66383
66385
66389
66391
66394
66395
66396
66398
66401
66402
66404
66406
66407
66409
66413
66416
66417
66420
66421
66423
66425
66426
66427
66428
66429
66436
66438
66442
66443
66447
66448
66451
66452
66454
66455
66459
66460
66461
66462
66463
66466
66467
66472
66473
66475
66477
66479
66481
66484
66485
66490
66492
66494
66499
66507
66508
66509
66512
66517
66520
66527
66531
66542
66544
66547
66549
66551
66556
66561
66562
66565
66567
66568
66569
66572
66576
66577
66580
66582
66588
66594
66595
66600
66604
66606
66607
66616
66617
66618
66619
66622
66625
66626
66627
66633
66634
66636
66638
66642
66643
66645
66647
66648
66649
66663
66664
66665
66669
66672
66690
66691
66693
66698
66701
66702
66703
66704
66705
66707
66708
66713
66719
66720
66722
66724
66725
66728
66731
66732
66739
66740
66741
66742
66743
66745
66752
66755
66756
66758
66759
66760
66762
66765
66766
66767
66769
66771
66772
66776
66777
66778
66781
66784
66785
66789
66791
66792
66793
66794
66795
66803
66805
66807
66808
66809
66810
66811
66812
66813
67816
67818
67820
67822
67841
67845
67866
67890
67902
67909
67917
67920
67943
67948
67967
67969
67994
68035
68104
68108
68109
68110
68111
68112
68113
68202
68249
68256
68274
68298
68303
68327
68331
68354
68395
68404
68408
68409
68410
68411
68416
68454
68463
68466
68471
68474
68477
68480
68490
68493
68495
68501
68503
68508
68509
68510
68514
68515
68516
68517
68521
68523
68526
68527
68528
68532
68539
68540
68543
68544
68578
68592
68594
68596
68606
68616
68640
68641
68643
68649
68651
68658
68668
68694
68718
68722
68729
68732
68736
68743
68744
68750
68754
68755
68781
68794
68827
68833
68861
68874
68879
68898
68932
68945
68946
68949
68951
68957
68963
68978
68988
68992
68995
68997
68998
69001
69010
69018
69025
69027
69029
69030
69032
69033
69035
69038
69047
69051
69054
69056
69076
69081
69094
69099
69104
69108
69111
69112
69118
69120
69123
69127
69129
69131
69135
69141
69142
69143
69149
69158
69163
69166
69169
69170
69172
69177
69187
69188
69196
69201
69202
69203
69206
69207
69210
69211
69218
69224
69227
69236
69262
69264
69270
69282
69292
69298
69302
69303
69305
69307
69349
69510
69511
69512
69513
69514
69515
69516
69517
69518
69519
69521
69522
69524
69525
69526
69527
69528
69531
69532
69533
69534
69535
69537
69539
69540
69543
69545
69546
69547
69548
69551
69552
69553
69554
69555
69556
69558
69559
69560
69561
69563
69564
69565
69568
69571
69572
69573
69575
69576
69577
69578
69581
69593
69598
69602
69604
69605
69611
69613
69617
69630
69634
69639
69640
69645
69649
69650
69656
69662
69670
69671
69677
69679
69687
69693
69708
69711
69715
69727
69737
69738
69739
69746
69749
69757
69758
69763
69768
69773
69774
69780
69783
69784
69808
69820
69821
69824
69826
69827
69832
69834
69838
69842
69858
69867
69871
69874
69879
69885
69889
69890
69891
69892
69894
69895
69900
69901
69907
69909
69917
69920
69921
69925
69931
69932
69934
69945
69948
69950
69963
69968
69976
69992
69995
69996
69998
70001
70004
70005
70006
70020
70028
70031
70063
70075
70076
70077
70081
70084
70099
70100
70102
70104
70106
70115
70133
70136
70144
70148
70151
70155
70157
70159
70163
70166
70167
70168
70169
70171
70248
70318
70348
70403
70406
70428
70441
70445
70456
70494
70527
70530
70532
70537
70551
70552
70554
70555
70559
70560
70564
70568
70576
70584
70585
70589
70598
70610
70625
70628
70634
70642
70647
70649
70654
70827
70831
70869
70921
70925
70933
70944
70945
70948
70952
70953
70973
70980
70983
70986
70989
70990
70992
70993
70994
70998
71003
71004
71010
71028
71069
71097
71104
71113
71350
71363
71365
71366
71375
71399
71401
71405
71407
71410
71413
71415
71427
71430
71434
71435
71436
71437
71439
71444
71451
71452
71454
71465
71469
71470
71472
71475
71480
71482
71485
71487
71488
71493
71503
71513
71523
71524
71528
71529
71531
71533
71535
71540
71554
71555
71565
71571
71579
71581
71583
71586
71607
71618
71619
71622
71628
71633
71639
71642
71651
71653
71672
71677
71679
71685
71686
71704
71730
71913
71974
71977
71979
71983
72004
72006
72597
72600
72604
72635
72660
72688
72706
72739
72797
72849
72852
72853
72854
72855
72856
72857
72858
72860
72862
72865
72868
72869
72874
72876
72877
72878
72879
72880
72881
72882
72883
72884
72886
72887
72889
72892
72893
72895
72909
72910
72911
72912
72913
72914
72915
72916
72917
72918
72919
72920
72921
72922
72923
72924
72925
72926
72927
72928
72929
72930
72931
72932
72933
72934
72935
72936
72937
72983
73010
73011
73012
73013
73014
73016
73018
73019
73020
73025
73026
73029
73033
73034
73035
73036
73037
73038
73039
73040
73045
73046
73047
73048
73049
73050
73051
73054
73056
73058
73059
73062
73063
73065
73066
73068
73069
73070
73072
73076
73077
73079
73080
73083
73086
73089
73090
73091
73092
73094
73095
73097
73099
73108
73125
73126
73129
73132
73133
73136
73137
73139
73140
73149
73150
73156
73161
73162
73172
73173
73174
73175
73176
73178
73179
73180
73181
73182
73183
73184
73185
73186
73187
73188
73189
73190
73191
73192
73193
73194
73195
73196
73203
73223
73378
73382
73383
73384
73595
73597
73599
73600
73601
73602
73603
73604
73605
73607
73608
73609
73610
73611
73612
73613
73614
73615
73618
73620
73621
73623
73624
73625
73626
73627
73628
73629
73630
73631
73632
73633
73634
73635
73636
73638
73639
73640
73641
73642
73643
73645
73646
73647
73648
73649
73651
73653
73654
73655
73657
73662
73663
73664
73665
73671
73674
73676
73678
73679
73683
73686
73688
73690
73692
73695
73696
73698
73699
73718
73725
73729
73741
73743
73745
73747
73748
73749
73751
73752
73753
73754
73757
73758
73763
73765
73768
73770
73771
73774
73777
73779
73780
73781
73782
73783
73786
73789
73805
73806
73811
73815
73818
73821
73823
73826
73827
73834
73836
73840
73843
73847
73849
73853
73858
73860
73861
73867
73880
73881
73883
73884
73885
73887
73888
73891
73894
73899
73909
73917
73924
73925
73929
73937
73938
73940
73944
73945
73946
73953
73961
73967
73973
73980
73982
73987
73989
73997
74005
74014
74018
74022
74023
74036
74049
74050
74051
74053
74056
74064
74065
74067
74073
74076
74077
74078
74081
74082
74083
74085
74090
74092
74096
74104
74109
74110
74111
74113
74118
74122
74129
74130
74133
74134
74137
74139
74142
74144
74145
74146
74148
74149
74150
74151
74152
74154
74155
74158
74159
74160
74161
74162
74163
74165
74166
74168
74170
74192
74328
74375
74377
74391
74408
74409
74419
74454
74459
74460
74463
74465
74588
74612
74617
74635
74657
74663
74695
74703
74712
74733
74758
74761
74804
74818
74824
74829
74850
74870
74943
74949
74998
75000
75075
75095
75121
75350
75363
75400
75429
75543
75561
75583
75603
75673
75678
75727
75733
75758
75776
75785
75806
75934
75983
75997
76049
76053
76069
76108
76137
76173
76178
76188
76233
76238
76281
76299
76301
76304
76309
76333
76335
76340
76342
76343
76345
76350
76354
76382
76424
76425
76427
76430
76460
76463
76480
76490
76525
76534
76601
76603
76604
76626
76649
76718
76723
76725
76832
76852
76881
76953
76961
76967
77007
77029
77031
77034
77156
77308
77345
77347
77462
77463
77465
77470
77473
77477
77478
77494
77496
77514
77518
77532
77534
77535
77541
77550
77563
77564
77567
77579
77580
77586
77600
77604
77612
77664
77671
77679
77694
77706
77709
77711
77751
77754
77755
77758
77783
77790
77796
77800
77813
77834
77872
77936
77937
77940
77951
77957
77965
77968
77970
77972
79185
79188
79199
79200
79201
79211
79212
79214
79217
79222
79227
79229
79233
79234
79236
79240
79241
79243
79244
79245
79246
79248
79250
79254
79255
79256
79259
79260
79264
79275
79283
79288
79291
79297
79298
79300
79302
79311
79315
79316
79317
79331
79333
79337
79341
79344
79348
79354
79355
80829
80833
80841
80842
80844
80845
80848
80849
80862
80869
80882
80893
80921
80923
80929
80930
80940
80942
80943
80991
80999
81018
81019
81020
81024
81026
81027
81037
81056
81061
81069
81073
81085
81107
81111
81114
81115
81121
81123
81126
81127
81130
81145
81149
81150
81206
81222
81244
81246
81268
81289
81317
81324
81347
81355
81392
81423
81484
81544
81562
81565
81569
81572
81573
81578
81590
81593
81600
81638
81646
81674
81682
81683
81695
81701
81708
81737
81751
81786
81810
81813
81831
81833
81843
81844
81861
81864
81941
81946
81948
81949
81956
81957
81958
81959
81961
81962
81964
81965
81972
81974
81977
81979
81980
81982
81986
81987
81990
81991
81992
81995
81996
82001
82005
82009
82010
82011
82013
82014
82016
82017
82019
82020
82021
82023
82026
82027
82028
82030
82032
82033
82034
82035
82036
82037
82042
82043
82047
82055
82056
82057
82058
82059
82060
82063
82064
82065
82066
82068
82071
82072
82073
82075
82076
82077
82079
82081
82083
82084
82085
82086
82087
82088
82089
82090
82091
82093
82095
82096
82097
82099
82100
82101
82103
82104
82105
82107
82109
82111
82112
82113
82116
82118
82125
82134
82135
82137
82146
82147
82157
82163
82171
82175
82177
82195
82197
82202
82203
82207
82211
82214
82216
82220
82221
82222
82224
82225
82232
82234
82237
82240
82241
82243
82245
82248
82249
82251
82253
82255
82256
82261
82262
82264
82266
82270
82271
82274
82276
82277
82278
82289
82295
82328
82332
82338
82348
82402
82414
82436
82437
82439
82497
82507
82510
82515
82518
82519
82542
82543
82547
82548
82549
82551
82552
82553
82554
82555
82556
82558
82559
82560
82561
82562
82563
82564
82565
82566
82567
82568
82569
82570
82571
82572
82573
82574
82575
82576
82579
82580
82582
82583
82585
82589
82594
82595
82596
82597
82602
82605
82609
82617
82620
82621
82622
82629
82630
82631
82633
82634
82642
82649
82652
82653
82656
82658
82659
82660
82662
82667
82670
82679
82680
82681
82682
82687
82688
82693
82695
82700
82704
82705
82708
82712
82716
82718
82719
82721
82724
82725
82728
82729
82734
82735
82741
82743
82745
82746
82751
82754
82755
82757
82758
82766
82770
82771
82772
82776
82782
82789
82790
82791
82792
82794
82795
82797
82800
82801
82807
82810
82812
82814
82815
82816
82817
82820
82821
82822
82830
82831
82833
82834
82836
83007
83009
83016
83018
83022
83025
83026
83027
83030
83031
83034
83036
83038
83041
83043
83046
83050
83051
83053
83055
83056
83057
83063
83064
83067
83068
83069
83070
83072
83073
83074
83078
83079
83083
83084
83085
83089
83105
83106
83112
83114
83130
83141
83146
83154
83162
83170
83174
83175
83188
83201
83207
83212
83215
83223
83238
83240
83242
83243
83245
83249
83253
83257
83265
83266
83282
83296
83300
83304
83329
83330
83333
83337
83341
83372
83373
83391
83392
83393
83395
83401
83414
83415
83420
83433
83447
83461
83473
83476
83477
83480
83488
83515
83522
83525
83532
83535
83540
83554
83568
83572
83573
83574
83577
83583
83590
83593
83601
83602
83605
83608
83610
83611
83612
83613
83618
83620
83621
83633
83638
83640
83641
83642
83643
83645
83647
83650
83663
83668
83672
83678
83682
83689
83692
83712
83716
83811
83821
83826
83855
83860
83873
83876
83878
83879
83880
83913
83937
83938
83942
83943
83944
83948
83949
83953
83955
83958
83961
83966
83967
83971
83974
83975
83978
83992
83994
83996
83998
83999
84002
84003
84006
84009
84011
84012
84016
84020
84021
84023
84024
84028
84031
84033
84038
84040
84044
84048
84053
84057
84062
84063
84068
84070
84071
84072
84073
84074
84075
84079
84083
84087
84092
84094
84108
84109
84110
84111
84112
84113
84120
84122
84123
84134
84141
84143
84149
84154
84155
84161
84163
84164
84166
84168
84170
84181
84188
84191
84197
84198
84199
84200
84202
84228
84232
84236
84244
84248
84249
84254
84264
84265
84268
84271
84273
84276
84284
84286
84287
84289
84291
84292
84297
84302
84307
84308
84311
84314
84316
84318
84319
84322
84337
84344
84348
84360
84363
84366
84369
84372
84374
84379
84382
84389
84396
84397
84406
84409
84419
84433
84444
84446
84448
84451
84456
84460
84462
84464
84472
84477
84478
84480
84481
84485
84486
84495
84517
84520
84522
84523
84525
84527
84529
84530
84532
84538
84541
84546
84547
84549
84551
84552
84556
84557
84559
84576
84581
84587
84588
84589
84598
84626
84631
84635
84639
84651
84652
84662
84669
84672
84682
84689
84697
84698
84704
84710
84714
84725
84740
84749
84750
84752
84757
84761
84762
84766
84769
84781
84783
84797
84812
84816
84819
84821
84823
84826
84827
84831
84833
84845
84851
84852
84853
84856
84857
84858
84869
84875
84877
84879
84889
84890
84892
84899
84900
84902
84919
84920
84922
84937
84938
84941
84942
84946
84952
84955
84959
84973
84982
84983
84999
85001
85003
85006
85016
85017
85047
85050
85054
85055
85056
85061
85065
85078
85085
85086
85097
85125
85127
85128
85130
85140
85142
85145
85146
85150
85151
85156
85167
85168
85174
85175
85182
85189
85193
85195
85201
85206
85207
85212
85220
85223
85224
85225
85227
85230
85247
85250
85251
85257
85269
85274
85279
85284
85288
85291
85295
85297
85299
85304
85309
85310
85311
85312
85313
85315
85316
85317
85318
85319
85320
85321
85322
85323
85324
85326
85346
85347
85348
85350
85378
85387
85388
85389
85390
85391
85392
85393
85395
85396
85397
85398
85399
85400
85401
85402
85403
85408
85419
85422
85424
85425
85427
85437
85444
85465
85467
85479
85483
85484
85485
85487
85489
85490
85491
85494
85495
85496
85497
85498
85500
85502
85503
85505
85506
85508
85509
85510
85511
85512
85513
85515
85516
85517
85519
85520
85521
85522
85524
85525
85526
85541
85542
85547
85548
85573
85595
85596
85602
85603
85609
85614
85616
85618
85620
85622
85623
85627
85631
85637
85638
85644
85646
85653
85654
85655
85657
85660
85661
85664
85665
85666
85667
85672
85678
85682
85687
85688
85693
85694
85696
85705
85707
85711
85712
85713
85718
85721
85723
85724
85730
85733
85735
85741
85745
85748
85749
85750
85752
85753
85754
85755
85761
85762
85763
85767
85768
85769
85771
85773
85774
85777
85778
85779
85781
85783
85786
85788
85789
85790
85792
85793
85796
85798
85801
85805
85813
85814
85817
85819
85822
85823
85824
85826
85833
85837
85838
85846
85847
85863
85864
85872
85899
85901
85902
85903
85904
85906
85907
85908
85909
85910
85911
85912
85913
85914
85916
85918
85919
85920
85921
85923
85924
85925
85926
85928
85930
85934
85935
85936
85937
85940
85941
85942
85943
85945
85946
85947
85948
85949
85950
85951
85954
85955
85956
85957
85958
85960
85962
85964
85966
85967
85969
85971
85972
85973
85974
85975
85976
85977
85978
85979
85981
85983
85985
85986
85987
85989
85992
85993
85996
85998
85999
86001
86002
86004
86006
86007
86009
86010
86011
86012
86014
86015
86016
86017
86018
86019
86020
86021
86023
86027
86028
86032
86033
86034
86035
86036
86037
86038
86039
86040
86044
86045
86046
86048
86049
86051
86052
86054
86059
86060
86061
86063
86064
86067
86068
86073
86074
86075
86076
86078
86079
86081
86082
86084
86085
86089
86094
86100
86102
86106
86111
86117
86118
86120
86121
86122
86123
86125
86126
86127
86130
86132
86134
86135
86136
86137
86138
86141
86142
86143
86144
86145
86150
86151
86152
86153
86188
86190
86193
86195
86198
86200
86201
86226
86232
86236
86239
86240
86241
86246
86265
86266
86268
86271
86272
86273
86274
86438
86474
86477
86529
86533
87026
87252
87265
87268
87270
87281
87284
87286
87291
87294
87296
87299
87306
87312
87313
87319
87331
87334
87336
87338
87344
87348
87353
87357
87359
87364
87367
87369
87372
87375
87395
87398
87403
87406
87417
87419
87425
87427
87429
87434
87436
87448
87451
87460
87475
87484
87554
87563
87569
87580
87632
87646
87655
87762
87789
87791
87795
87796
87800
87802
87803
87805
87806
87807
87809
87810
87811
87812
87813
87815
87817
87818
87820
87821
87822
87823
87826
87827
87828
87829
87830
87831
87832
87833
87837
87843
87845
87846
87847
87848
87850
87851
87852
87854
87855
87856
87857
87858
87859
87861
87863
87864
87865
87866
87867
87868
87870
87906
87915
87921
87947
87963
87965
87969
87979
87980
87989
87994
87999
88005
88006
88007
88019
88021
88026
88027
88028
88029
88030
88031
88100
88119
88126
88131
88143
88150
88151
88387
88388
88405
88429
88453
88469
88478
88479
88488
88489
88495
88496
88497
88501
88509
88520
88524
88525
88540
88565
88573
88583
88584
88587
88594
88617
88621
88632
88635
88644
88647
88653
88662
88674
88676
88734
88743
88762
88902
88912
88940
88966
89025
89029
89033
