561
569
573
574
576
588
599
615
618
622
623
633
635
636
644
659
684
687
725
726
743
748
753
764
769
772
773
780
784
786
794
807
811
818
830
831
837
849
858
859
861
880
888
894
895
901
902
905
915
925
933
944
951
956
957
959
961
969
970
981
1007
1023
1025
1037
1048
1049
1050
1059
1079
1102
1103
1106
1121
1168
1177
1192
1198
1205
1207
1213
1231
1592
1597
1598
1607
1614
1616
1618
1619
1859
1868
1877
1879
1921
1931
1934
1941
1947
1949
1982
1983
1984
1985
1986
1987
1993
1997
1998
1999
2000
2002
2003
2009
2011
2012
2013
2016
2017
2018
2019
2020
2026
2041
2044
2047
2048
2049
2054
2056
2058
2062
2065
2068
2070
2072
2074
2076
2077
2079
2083
2084
2086
2090
2091
2094
2095
2099
2100
2106
2108
2111
2112
2113
2114
2116
2117
2121
2122
2124
2125
2126
2131
2134
2135
2137
2144
2147
2150
2152
2155
2158
2160
2162
2164
2165
2166
2168
2169
2170
2171
2172
2173
2175
2182
2183
2185
2186
2187
2188
2191
2194
2196
2197
2203
2205
2206
2210
2211
2213
2217
2218
2219
2227
2228
2229
2233
2235
2236
2237
2239
2243
2246
2247
2248
2253
2254
2256
2260
2263
2264
2266
2270
2274
2275
2277
2280
2282
2299
2304
2307
2309
2335
2343
2366
2367
2372
2374
2376
2377
2380
2382
2383
2384
2385
2388
2389
2394
2395
2402
2403
2412
2415
2417
2421
2423
2424
2425
2428
2430
2433
2434
2440
2441
2452
2457
2458
2461
2467
2483
2513
2520
2523
2524
2525
2530
2532
2533
2539
2541
2543
2548
2550
2553
2556
2557
2563
2567
2568
2573
2577
2580
2586
2594
2599
2600
2603
2607
2616
2639
2641
2650
2655
2670
2677
2678
2681
2689
2690
2693
2697
2701
2702
2704
2706
2707
2711
2713
2715
2716
2717
2721
2727
2728
2732
2740
2741
2746
2747
2748
2749
2750
2752
2754
2755
2756
2757
2758
2759
2760
2772
2773
2775
2776
2777
2778
2790
2879
2880
2881
2882
2883
2884
2889
2894
2895
2896
2897
2898
2908
2910
2911
2912
2914
2915
2918
2924
2929
2930
2931
2936
2937
2938
2939
2940
2941
2944
2945
2950
2951
2953
2955
2957
2959
2961
2963
2964
2969
2970
2972
2979
2980
2981
2987
2988
2989
2990
2991
2994
2995
3000
3004
3006
3014
3064
3072
3076
3085
3086
3088
3089
3090
3093
3094
3095
3096
3097
3098
3099
3100
3101
3102
3103
3104
3106
3108
3111
3125
3127
3128
3135
3136
3137
3138
3139
3140
3143
3144
3145
3146
3153
3155
3157
3161
3168
3169
3171
3172
3174
3178
3179
3180
3181
3242
3253
3257
3264
3294
3314
3315
3316
3319
3326
3330
3332
3336
3337
3349
3350
3354
3373
3395
3405
3465
3555
3563
3659
3784
3786
3822
3827
3834
3838
3839
3841
3845
3847
3853
3855
3862
3870
3873
3875
3881
3882
3886
3890
3894
3904
3909
3918
3921
3924
3928
3929
3932
3933
3936
3944
3952
3953
3962
3985
3986
3987
3994
3998
3999
4006
4007
4009
4010
4011
4014
4015
4016
4017
4019
4032
4035
4040
4042
4052
4053
4054
4055
4060
4067
4089
4096
4099
4105
4108
4112
4139
4140
4142
4187
4189
4201
4203
4215
4216
4221
4223
4225
4226
4236
4241
4250
4253
4254
4260
4263
4266
4280
4283
4304
4306
4307
4314
4319
4328
4336
4340
4350
4352
4354
4356
4360
4362
4368
4381
4395
4399
4400
4409
4422
4424
4477
4490
4491
4495
4573
4602
4653
4744
4803
5009
5010
5011
5265
5267
5299
5301
5364
5379
5380
5381
5442
5443
5445
5447
5449
5451
5600
5601
5602
5606
5608
5614
5617
5620
5623
5629
5635
5662
5663
5665
5667
5719
5720
5721
5739
5740
5741
5742
5743
5744
5764
5905
6046
6055
6056
6059
6179
6206
6212
6339
6463
6472
6507
6636
6661
6818
6856
6885
6894
6905
6960
7007
7008
7127
7211
7221
7510
7542
7748
7750
7755
7764
7768
7773
7785
7806
7809
7857
7860
7877
7885
7891
7910
7965
7967
7983
8000
8013
8014
8021
8022
8025
8092
8109
8112
8189
8224
8252
8274
8331
8353
8389
8396
8440
8476
8522
8635
8637
8639
8643
8650
8651
8667
8677
8722
8821
8888
8922
8926
8931
8942
8957
8968
8970
8973
8978
8983
8987
8992
8997
8998
8999
9005
9008
9012
9015
9017
9032
9046
9047
9060
9062
9063
9071
9083
9092
9093
9110
9111
9115
9120
9127
9131
9141
9146
9148
9154
9159
9167
9181
9189
9190
9201
9202
9219
9220
9224
9226
9253
9262
9268
9293
9296
9297
9298
9310
9312
9343
9381
9384
9385
9391
9399
9412
9460
9461
9464
9649
9652
9660
9691
9692
9696
9700
9776
9807
9815
9834
9837
10015
10036
10037
10038
10040
10042
10043
10044
10056
10058
10059
10060
10061
10062
10063
10069
10074
10075
10076
10077
10078
10079
10080
10081
10082
10083
10084
10101
10102
10113
10116
10117
10144
10145
10159
10235
10251
10262
10263
10265
10269
10271
10273
10284
10353
10436
10447
10521
10558
10595
10618
10658
10677
10703
10723
10749
10772
10774
10825
10833
10835
10836
10837
10839
10936
10959
10966
10987
10990
10996
11003
11004
11022
11024
11035
11049
11099
11109
11167
11174
11191
11196
11238
11247
11252
11259
11263
11276
11285
11322
11345
11346
11347
11358
11360
11364
11382
11388
11401
11437
11511
11520
11526
11528
11611
11618
11625
11626
11627
11631
11655
11678
11689
11693
11701
11709
11717
11789
11795
11802
11803
11805
11811
11828
11831
11832
11834
11853
11888
12030
12048
12050
12051
12053
12072
12073
12074
12091
12097
12108
12109
12113
12114
12115
12116
12119
12122
12123
12124
12125
12149
12154
12155
12159
12162
12178
12182
12189
12221
12222
12225
12246
12249
12275
12276
12280
12281
12282
12283
12284
12329
12334
12336
12515
12516
12547
12548
12577
12586
12624
12635
12665
12666
12704
12706
12720
12798
12819
12823
12840
12891
12935
12941
12942
12949
12967
12979
12989
13004
13043
13052
13053
13085
13101
13104
13109
13148
13152
13169
13186
13193
13255
13289
13290
13293
13349
13409
13583
13590
13723
13765
13815
13907
13950
14085
14160
14362
14418
14469
14488
14509
14595
14597
14632
14636
14735
14811
14821
14919
15056
15234
15250
15270
15344
15370
15559
15600
15601
15632
15633
15634
15636
15646
15715
15716
15717
15718
15719
15720
15736
15737
15739
15743
15749
15753
15757
15761
15762
15766
15767
15771
15774
15779
15781
15786
15788
15798
15803
15972
15973
15975
15998
16001
16002
16004
16005
16006
16165
16168
16174
16177
16220
16234
16243
16271
16298
16306
16310
16321
16342
16353
16358
16369
16385
16391
16401
16405
16433
16437
16441
16474
16493
16495
16519
16527
16563
16589
16631
16642
16644
16652
16658
16678
16701
16729
16760
16763
16799
16813
16819
16825
16836
16843
16868
16870
16879
16884
16912
16939
16964
16990
16992
16998
17006
17008
17009
17021
17023
17044
17055
17084
17110
17111
17113
17136
17156
17160
17161
17171
17175
17186
17199
17201
17202
17212
17229
17231
17241
17258
17266
17283
17292
17335
17358
17364
17374
17375
17398
17458
17463
17477
17480
17481
17490
17518
17527
17535
17579
17590
17599
17612
17614
17617
17650
17659
17666
17671
17684
17711
17717
17718
17730
17745
17777
17784
17787
17789
17796
17837
17887
17898
17912
17913
17925
17934
17935
17942
17961
17965
18014
18024
18026
18027
18028
18040
18044
18074
18080
18089
18097
18112
18126
18127
18130
18135
18149
18158
18183
18194
18272
18281
18282
18287
18296
18307
18319
18327
18355
18367
18378
18400
18423
18440
18450
18499
18532
18543
18547
18552
18569
18594
18620
18623
18624
18625
18637
18641
18649
18656
18659
18674
18699
18708
18782
18787
18788
18794
18836
18861
18870
18877
18887
18918
19000
19019
19026
19029
19041
19061
19072
19079
19102
19140
19141
19168
19180
19183
19188
19204
19221
19239
19275
19306
19308
19318
19336
19351
19352
19361
19363
19378
19390
19402
19416
19422
19428
19436
19440
19446
19451
19459
19497
19503
19504
19510
19532
19552
19573
19580
19607
19626
19646
19649
19666
19670
19687
19691
19716
19720
19728
19731
21148
21256
21257
21258
21259
21260
21261
21456
21466
21468
21469
21511
21512
21514
21515
21522
21523
21525
21526
21527
21528
21529
21564
21567
21568
21569
21682
21683
21685
21816
23373
23392
23398
23399
23406
23414
23427
23437
23444
23446
23455
23461
23464
23467
23489
23493
23515
23516
23518
23533
23536
23563
23572
23579
23592
23598
23603
23607
23611
23617
23618
23624
23632
23636
23637
23639
23641
23643
23659
23661
23664
23667
23668
23674
23678
23697
23701
23713
23716
23718
23720
23722
23731
23736
23741
23746
23753
23757
23760
23762
23764
23769
23849
23861
23891
23895
23898
23904
23908
23911
23914
23924
23926
23930
23931
23932
23934
23937
23976
23977
23980
23987
23992
24005
24036
24053
24054
24057
24060
24061
24069
24071
24077
24080
24081
24083
24087
24092
24093
24098
24099
24100
24103
24105
24106
24115
24116
24126
24133
24153
24154
24158
24163
24164
24176
24178
24180
24184
24207
24236
24297
24299
24301
24319
24323
24330
24332
24334
24336
24338
24339
24341
24347
24349
24352
24355
24359
24365
24368
24371
24378
24379
24380
24381
24384
24385
24393
24395
24396
24397
24399
24408
24414
24422
24423
24430
24431
24433
24436
24437
24445
24455
24456
24458
24459
24462
24463
24467
24468
24470
24474
24476
24483
24486
24487
24490
24494
24496
24499
24504
24509
24510
24512
24515
24517
24518
24532
24533
24537
24540
24544
24548
24570
24571
24582
24589
24590
24594
24602
24604
24606
24607
24609
24610
24611
24613
24615
24619
24622
24626
24628
24629
24647
24649
24651
24652
24653
24654
24655
24656
24662
24665
24666
24671
24675
24679
24690
24692
24697
24698
24701
24705
24707
24718
24720
24723
24730
24731
24747
24748
24749
24750
24751
24752
24753
24968
24970
24978
24980
24988
25008
25018
25035
25039
25040
25041
25044
25048
25049
25050
25051
25052
25054
25057
25058
25062
25071
25072
25075
25076
25077
25079
25082
25086
25091
25096
25104
25105
25107
25109
25111
25114
25115
25118
25119
25121
25122
25124
25139
25143
25146
25147
25151
25152
25153
25155
25156
25163
25166
25175
25176
25183
25194
25198
25886
25909
25911
25939
25942
25950
25964
25974
26022
26151
26154
26156
26174
26307
26332
26338
26340
26366
26381
26388
26396
26403
26413
26416
26453
26467
26496
26500
26528
26536
26568
26695
26765
26766
26770
26775
26782
26791
26818
26820
26821
26822
26835
26842
26846
26854
26856
26868
26892
26903
26915
26917
26920
26925
26927
26931
26937
26947
26953
26960
26966
26968
26969
26980
26981
27005
27012
27013
27016
27017
27022
27023
27043
27049
27050
27056
27085
27090
27098
27112
27118
27120
27121
27136
27137
27155
27185
27213
27221
27243
27256
27285
27289
27305
27351
27354
27356
27358
27359
27360
27363
27364
27367
27369
27374
27377
27378
27384
27387
27403
27404
27408
27413
27432
27449
27451
27455
27467
27484
27496
27511
27518
27541
27542
27549
27551
27585
27589
27604
27610
27635
27647
27649
27651
27680
27682
27693
27704
27707
27712
27713
27714
27719
27724
27728
27732
27745
27758
27765
27770
27771
27774
27782
28372
28377
28378
28380
28381
28385
28386
28390
28391
28392
28395
28397
28400
28403
28406
28407
28409
28410
28413
28414
28419
28420
28425
28433
28434
28437
28439
28440
28441
28443
28446
28448
28452
28457
28458
28461
28462
28465
28470
28474
28475
28479
28483
28484
28489
28490
28493
28496
28497
28501
28502
28505
28509
28513
28534
28564
28622
28631
28636
28649
28668
28671
28681
28713
28732
28744
28810
28858
28864
28881
28916
28921
28924
28929
28936
28942
28953
28958
28967
28972
28984
28994
29010
29024
29046
29049
29050
29054
29062
29063
29064
29065
29077
29083
29094
29104
29111
29134
29144
29146
29154
29158
29168
29170
29177
29206
29210
29211
29213
29218
29226
29245
29249
29250
29255
29277
29285
29293
29298
29302
29307
29317
29319
29320
29322
29330
29332
29336
29412
29436
29783
30337
30538
30573
30683
30703
30938
31115
31118
31272
31316
31599
31617
31636
31887
32221
32284
32365
32410
32429
32445
32468
32480
32484
32485
32486
32488
32489
32492
32493
32499
32519
32520
32521
32522
32523
32524
32525
32526
32527
32528
32529
32530
32531
32532
32533
32534
32535
32536
32537
32538
32539
32540
32541
32542
32543
32544
32545
32546
32547
32548
32549
32550
32551
32583
32597
32610
32612
32617
32629
33218
33225
33247
33256
33271
33299
33301
33308
33368
33530
33561
33606
33608
33738
33846
33870
33917
33921
33953
34533
34694
38134
38865
38879
39110
39154
39227
39243
39299
39335
39338
39340
39345
39456
39457
39483
39531
39552
39571
39728
39730
39731
39732
40697
40719
40734
40738
40758
40789
40793
40908
41073
41076
41080
41086
41087
41092
41103
41125
41132
41134
41136
41137
41139
41141
41145
41147
41151
41152
41158
41161
41163
41173
41207
41229
41307
41345
41350
41371
41387
41391
41437
41439
41444
41445
41449
41450
41454
41455
41456
41465
41469
41470
41485
41501
41503
41504
41506
41507
41515
41516
41517
41518
41519
41520
41521
41522
41529
41531
41534
41539
41543
41544
41545
41551
41553
41554
41562
41566
41567
41575
41579
41601
41621
41623
41628
41629
41633
41637
41642
41646
41650
41653
41654
41658
41659
41664
41675
41683
41685
41686
41690
41701
41702
41703
41704
41705
41706
41707
41738
41755
41770
41828
41835
41880
42051
42120
42132
42140
42160
42163
42179
42180
42197
42202
42231
42255
42260
42266
42278
42299
42361
42387
42390
42405
42417
42420
42425
42427
42430
42450
42452
42454
42455
42462
42471
42535
42564
42736
42738
42741
42784
42786
42796
42808
42845
42848
42849
42854
42855
42856
42859
42874
42890
42893
42967
42972
42981
42986
43014
43041
43053
43070
43075
43082
43090
43093
43096
43137
43148
43151
43153
43154
43161
43170
43183
43211
43218
43223
43228
43236
43239
43245
43248
43253
43258
43261
43264
43265
43267
43278
43280
43282
43286
43288
43289
43293
43319
43320
43325
43372
43373
43378
43387
43395
43408
43444
43460
43465
43468
43470
43473
43486
43487
43499
43503
43505
43506
43507
43508
43511
43527
43528
43534
43540
43581
43611
43626
43652
43668
43676
43677
43709
43752
43791
43804
43842
43864
43869
43870
43883
43921
43927
43931
43945
43946
43950
43963
43968
43969
43970
43975
43989
43997
44016
44019
44027
44040
44042
44048
44051
44052
44056
44057
44067
44068
44088
44160
44167
44185
44242
44246
44255
44266
44313
44337
44418
44425
44450
44461
44494
44545
44550
44560
44564
44571
44587
44610
44614
44615
44620
44643
44649
44651
44659
44664
44667
44672
44679
44681
44687
44691
44694
44697
44700
44704
44723
44732
44741
44744
44774
44787
44849
44859
44871
44877
45524
45526
45529
45545
45553
45604
45606
45627
45633
45639
45650
45654
45697
45714
45743
45764
45776
45806
45810
45815
45826
45839
45916
45937
45941
46003
46015
46019
46032
46034
46103
46107
46108
46242
46243
46332
46447
46455
46542
47132
47334
47340
47345
47346
47350
47351
47352
47353
47354
47357
47359
47361
47362
47366
47367
47368
47369
47370
47374
47377
47378
47379
47382
47388
47390
47405
47415
47416
47432
47437
47438
47443
47452
47490
47505
47562
47563
47966
48011
48018
48020
48442
48481
48484
48489
48495
48497
48509
48511
48516
48519
48538
48546
48548
48549
48551
48554
48556
48586
48590
48604
48608
48616
48625
48635
48640
48646
48656
48674
48677
48678
48698
48699
48701
48706
48709
48710
48711
48722
48726
48733
48734
48736
48738
48741
48743
48746
48747
48749
48753
48755
48756
48757
48760
48762
48765
48766
48768
48770
48774
48778
48783
48784
48787
48789
48793
48795
48807
48808
48809
48813
48815
48816
48817
48818
48823
48824
48826
48827
48838
48845
48846
48847
48850
48855
48856
48867
48873
48874
48878
48881
48882
48883
48887
48891
48893
48895
48898
48903
48907
48909
48910
48911
48912
48914
48921
48925
48926
48931
48935
48936
48937
48938
48943
48945
48948
48949
48954
48956
48957
48958
48959
48960
48964
48965
48966
48967
48968
48971
48974
48976
48977
48980
48982
48986
48987
48989
48991
48994
48997
49001
49002
49004
49005
49006
49013
49014
49015
49016
49017
49018
49020
49021
49022
49023
49025
49028
49029
49031
49034
49035
49040
49042
49044
49045
49046
49047
49048
49049
49051
49052
49053
49054
49055
49056
49057
49060
49063
49064
49066
49067
49068
49069
49072
49075
49076
49077
49079
49083
49087
49088
49092
49097
49099
49106
49114
49129
49132
49135
49141
49145
49147
49150
49152
49155
49157
49159
49163
49173
49174
49180
49185
49188
49189
49190
49195
49199
49214
49217
49219
49220
49222
49227
49228
49229
49232
49237
49248
49250
49251
49259
49266
49270
49272
49275
49276
49282
49283
49284
49301
49306
49314
49316
49317
49320
49322
49323
49324
49325
49327
49330
49334
49335
49336
49352
49353
49355
49357
49358
49361
49365
49371
49375
49376
49385
49395
49396
49398
49401
49404
49406
49418
49419
49420
49421
49425
49444
49449
49452
49453
49455
49456
49466
49470
49472
49473
49474
49475
49482
49483
49485
49488
49495
49498
49509
49512
49515
49516
49524
49527
49535
49543
49557
49573
49574
49579
49581
49617
49618
49631
49635
49637
49638
49639
49641
49642
49646
49647
49655
49656
49659
49661
49662
49703
49709
49736
49762
49775
49816
49841
50003
50068
50078
50131
50163
50188
50200
50514
50522
50534
50579
50601
50625
50627
50901
50905
50906
50907
50909
50910
50911
50913
50914
50916
50917
50918
50921
50922
50923
50926
50927
50933
50934
50937
50939
50940
51124
51147
51387
51397
51400
51425
51426
51427
51428
51429
51430
51431
51432
51433
51434
51435
51436
51437
51438
51439
51440
51444
51445
51448
51452
51454
51456
51457
51459
51469
51474
51475
51476
51477
51486
51693
51709
51718
51786
51874
51895
51932
52275
52511
52562
52591
52690
52743
52856
53133
53236
53270
53660
53667
53668
53674
53677
53681
53684
53686
53687
53688
53689
53695
53700
53703
53708
53709
53713
53715
53719
53721
53722
53723
53724
53727
53728
53732
53733
53739
53844
54642
54662
54675
54677
54958
54959
54960
54961
54962
54963
54964
54965
54966
54967
54968
54969
54970
54971
54972
55195
55200
55216
55229
55281
55283
55290
55292
55295
55303
55309
55310
55313
55323
55328
55346
55349
55350
55355
55356
55360
55362
55383
55389
55392
55397
55398
55402
55403
55404
55406
55408
55411
55412
55415
55416
55419
55421
55422
55424
55426
55427
55429
55434
55435
55436
55438
55439
55441
55442
55445
55446
55448
55449
55452
55453
55454
55459
55468
55474
55476
55477
55479
55480
55482
55483
55487
55488
55489
55491
55492
55493
55494
55496
55498
55499
55500
55502
55504
55505
55506
55507
55512
55514
55515
55516
55517
55518
55521
55522
55523
55528
55529
55530
55531
55534
55535
55536
55540
55541
55544
55545
55547
55548
55550
55563
55565
55567
55572
55575
55694
55701
55702
55703
55706
55711
55713
55714
55734
55738
55745
55751
55765
55854
55858
55859
55860
55862
55863
55945
55946
55947
55948
55951
55952
55954
55957
55959
55960
55961
55962
55964
55966
55967
55968
55969
55970
55971
55972
55973
55976
56214
63268
63269
63270
63337
63348
63391
63397
63401
63403
63413
63420
63427
63435
63466
63509
63564
63581
63585
63590
63592
63593
63594
63600
63601
63637
63655
63664
63715
63719
63798
63805
63837
63845
63873
63911
63944
63949
63951
63958
64083
64139
64143
64157
64159
64163
64165
64167
64168
64173
64174
64181
64186
64194
64200
64225
64242
64958
64960
64961
64964
64966
64972
64975
64980
64982
64988
64992
64994
64998
65000
65002
65004
65005
65006
65007
65008
65010
65011
65012
65013
65016
65018
65019
65020
65021
65022
65023
65025
65027
65029
65030
65031
65032
65033
65034
65035
65036
65038
65039
65040
65041
65043
65044
65045
65046
65047
65048
65049
65050
65051
65052
65053
65054
65055
65056
65057
65058
65059
65060
65061
65062
65063
65064
65065
65066
65067
65068
65069
65070
65071
65072
65073
65074
65075
65076
65077
65078
65079
65080
65081
65082
65083
65084
65085
65086
65087
65089
65090
65091
65092
65093
65094
65095
65096
65097
65098
65099
65100
65101
65102
65103
65104
65105
65106
65107
65108
65109
65110
65111
65112
65113
65114
65115
65116
65117
65118
65119
65120
65121
65122
65123
65124
65125
65126
65127
65128
65129
65130
65131
65132
65133
65134
65135
65136
65137
65138
65139
65140
65141
65142
65143
65401
65410
65419
65422
65426
65432
65443
65447
65450
65453
65455
65456
65457
65463
65466
65471
65473
65475
65476
65477
65479
65481
65482
65489
65494
65496
65502
65503
65505
65506
65509
65518
65525
65588
65592
65613
65634
65658
65704
65705
65708
65766
65774
65795
65810
65825
65840
65846
65885
65889
65891
65903
65904
65946
65952
66005
66027
66060
66128
66143
66165
66174
66201
66202
66230
66234
66239
66249
66252
66257
66259
66283
66303
66306
66331
66333
66339
66348
66360
66363
66364
66369
66391
66395
66396
66402
66406
66407
66416
66417
66420
66421
66423
66425
66426
66427
66428
66429
66442
66443
66447
66448
66452
66454
66455
66459
66460
66461
66466
66467
66472
66473
66475
66477
66479
66481
66484
66490
66492
66494
66499
66507
66508
66509
66517
66520
66527
66531
66542
66544
66547
66549
66556
66562
66567
66568
66569
66572
66576
66577
66580
66582
66588
66594
66595
66600
66604
66606
66607
66616
66617
66618
66619
66622
66625
66626
66627
66633
66634
66636
66642
66643
66645
66647
66648
66649
66663
66664
66665
66690
66691
66693
66701
66702
66703
66705
66707
66708
66713
66719
66720
66722
66724
66725
66728
66731
66732
66739
66740
66741
66742
66743
66745
66752
66755
66756
66759
66760
66762
66765
66767
66771
66772
66776
66777
66778
66781
66784
66785
66789
66791
66792
67818
68298
68596
68616
68640
68641
68643
68649
68651
68658
68718
68732
68736
68744
68750
68755
68781
68794
68827
68861
68879
68898
68945
68978
68988
68992
68997
69010
69025
69027
69033
69035
69038
69047
69056
69076
69094
69104
69108
69111
69118
69123
69127
69129
69141
69142
69143
69149
69158
69163
69166
69170
69172
69187
69201
69203
69206
69207
69224
69236
69262
69264
69292
69298
69303
69305
69307
69349
69510
69513
69514
69515
69516
69517
69518
69522
69524
69526
69531
69533
69535
69537
69540
69543
69545
69546
69547
69548
69551
69554
69555
69556
69558
69559
69560
69561
69563
69564
69568
69571
69572
69573
69575
69576
69577
69578
69581
69593
69598
69602
69605
69613
69617
69630
69634
69640
69649
69650
69656
69662
69671
69677
69687
69708
69711
69727
69737
69739
69749
69757
69758
69773
69780
69784
69820
69832
69892
69894
70076
70104
70151
70171
70649
70827
70869
70986
71350
71363
71365
71366
71375
71399
71401
71405
71407
71410
71413
71415
71427
71430
71434
71435
71436
71437
71439
71444
71451
71452
71454
71465
71469
71470
71472
71475
71480
71482
71485
71487
71488
71493
71503
71513
71523
71524
71528
71529
71531
71533
71535
71540
71554
71555
71565
71571
71579
71581
71583
71586
71607
71619
71622
71628
71633
71639
71642
71651
71672
71677
71685
71686
71704
71730
71913
71974
71979
72006
72597
72600
72604
72849
72852
72853
72854
72855
72856
72857
72858
72860
72862
72865
72868
72869
72874
72876
72877
72878
72879
72880
72881
72882
72883
72884
72886
72887
72889
72892
72893
72895
72909
72910
72911
72912
72913
72914
72915
72916
72917
72918
72919
72920
72921
72922
72923
72924
72925
72926
72927
72928
72929
72930
72931
72932
72933
72934
72935
72936
72937
73013
73014
73016
73018
73019
73020
73025
73026
73029
73033
73034
73035
73036
73037
73038
73039
73040
73045
73046
73047
73048
73049
73050
73051
73054
73056
73058
73059
73062
73063
73065
73066
73068
73069
73070
73072
73076
73077
73079
73080
73083
73086
73089
73090
73091
73092
73094
73095
73097
73099
73108
73125
73126
73129
73132
73133
73136
73137
73139
73140
73149
73150
73156
73161
73162
73172
73173
73174
73175
73176
73178
73179
73180
73181
73182
73183
73184
73185
73186
73187
73188
73189
73190
73191
73192
73193
73194
73195
73196
73611
73671
73674
73698
73699
73725
73753
73786
73789
73806
73826
73858
73860
73861
73867
73880
73881
73883
73884
73885
73887
73888
73891
73894
73899
73909
73917
73924
73925
73929
73937
73938
73940
73944
73945
73946
73953
73961
73967
73973
73980
73982
73987
73989
73997
74005
74014
74018
74022
74023
74036
74049
74050
74051
74053
74056
74064
74065
74067
74073
74076
74077
74078
74081
74082
74083
74085
74090
74092
74096
74104
74109
74110
74111
74113
74118
74122
74129
74130
74133
74134
74137
74139
74142
74144
74145
74146
74148
74149
74150
74151
74152
74154
74155
74158
74159
74160
74161
74162
74163
74165
74166
74168
74170
74328
74588
74612
74663
74695
74733
74758
74761
74804
74824
74870
75350
75583
75678
75727
76173
76188
76233
76281
76301
76335
76350
76427
76832
77156
77345
77550
77671
77694
77751
77936
77937
77940
77951
77968
77970
77972
79185
79199
79200
79201
79243
79254
80844
80845
80848
80849
80862
80869
80921
80929
80991
81018
81019
81115
81121
81130
81149
81150
81941
81946
81948
81949
81956
81957
81958
81959
81961
81962
81964
81965
81972
81974
81977
81979
81980
81982
81986
81987
81990
81991
81992
81995
81996
82001
82005
82009
82010
82011
82013
82014
82016
82017
82019
82020
82021
82023
82026
82027
82028
82030
82032
82033
82034
82035
82036
82037
82042
82043
82047
82055
82056
82057
82058
82059
82060
82063
82064
82065
82066
82068
82071
82072
82073
82075
82076
82077
82079
82081
82083
82084
82085
82086
82087
82088
82089
82090
82091
82093
82095
82096
82097
82099
82100
82101
82103
82104
82105
82107
82109
82111
82112
82113
82116
82118
82125
82134
82135
82137
82146
82147
82157
82163
82171
82175
82177
82195
82197
82202
82203
82207
82211
82214
82216
82220
82221
82222
82224
82225
82232
82234
82237
82240
82241
82243
82245
82248
82249
82251
82253
82255
82256
82261
82262
82264
82266
82270
82271
82274
82276
82277
82278
82289
82295
82328
82332
82338
82348
82402
82414
82436
82437
82439
82497
82507
82510
82515
82518
82519
82542
82543
82547
82548
82549
82551
82552
82553
82554
82555
82556
82558
82559
82560
82561
82562
82563
82564
82565
82566
82567
82568
82569
82570
82571
82572
82573
82574
82575
82576
82579
82580
82582
82583
82585
82589
82594
82595
82596
82597
82602
82605
82609
82617
82620
82621
82622
82629
82630
82631
82633
82634
82642
82649
82652
82653
82656
82658
82659
82660
82662
82667
82670
82679
82680
82681
82682
82687
82688
82693
82695
82700
82704
82705
82708
82712
82716
82718
82719
82721
82724
82725
82728
82729
82734
82735
82741
82743
82745
82746
82751
82754
82755
82757
82758
82766
82770
82771
82772
82776
82782
82789
82790
82791
82792
82794
82795
82797
82800
82801
82807
82810
82812
82814
82815
82816
82817
82820
82821
82822
82830
82831
82833
82834
82836
83007
83009
83016
83018
83022
83025
83026
83027
83030
83031
83034
83036
83038
83041
83043
83046
83050
83051
83053
83055
83056
83057
83063
83064
83067
83068
83069
83070
83072
83073
83074
83078
83079
83083
83084
83085
83089
83105
83106
83112
83114
83130
83141
83146
83154
83162
83170
83174
83175
83188
83201
83207
83212
83215
83223
83238
83240
83242
83243
83245
83249
83253
83257
83265
83266
83282
83296
83300
83304
83329
83330
83333
83337
83341
83372
83373
83391
83392
83393
83395
83401
83414
83415
83420
83433
83447
83461
83473
83476
83477
83480
83488
83515
83522
83525
83532
83535
83540
83554
83568
83572
83573
83574
83577
83583
83590
83593
83601
83602
83605
83608
83610
83611
83612
83613
83618
83620
83621
83633
83638
83640
83641
83642
83643
83645
83647
83650
83663
83668
83672
83678
83682
83689
83692
83712
83716
83811
83821
83826
83855
83860
83873
83876
83878
83879
83880
83913
83937
83938
83942
83943
83944
83948
83949
83953
83955
83958
83961
83966
83967
83971
83974
83975
83978
83992
83994
83996
83998
83999
84002
84003
84006
84009
84011
84012
84016
84020
84021
84023
84024
84028
84031
84033
84038
84040
84044
84048
84053
84057
84062
84063
84068
84070
84071
84072
84073
84074
84075
84079
84083
84087
84092
84094
84108
84109
84110
84111
84112
84113
84120
84122
84123
84134
84141
84143
84149
84154
84155
84161
84163
84164
84166
84168
84170
84181
84188
84191
84197
84198
84199
84200
84202
84228
84232
84236
84244
84248
84249
84254
84264
84265
84268
84271
84273
84276
84284
84286
84287
84289
84291
84292
84297
84302
84307
84308
84311
84314
84316
84318
84319
84322
84337
84344
84348
84360
84363
84366
84369
84372
84374
84379
84382
84389
84396
84397
84406
84409
84419
84433
84444
84446
84448
84451
84456
84460
84462
84464
84472
84477
84478
84480
84481
84485
84486
84495
84517
84520
84522
84523
84525
84527
84529
84530
84532
84538
84541
84546
84547
84549
84551
84552
84556
84557
84559
84576
84581
84587
84588
84589
84598
84626
84631
84635
84639
84651
84652
84662
84669
84672
84682
84689
84697
84698
84704
84710
84714
84725
84740
84749
84750
84752
84757
84761
84762
84766
84769
84781
84783
84797
84812
84816
84819
84821
84823
84826
84827
84831
84833
84845
84851
84852
84853
84856
84857
84858
84869
84875
84877
84879
84889
84890
84892
84899
84900
84902
84919
84920
84922
84937
84938
84941
84942
84946
84952
84955
84959
84973
84982
84983
84999
85001
85003
85006
85016
85017
85047
85050
85054
85055
85056
85061
85065
85078
85085
85086
85097
85125
85127
85128
85130
85140
85142
85145
85146
85150
85151
85156
85167
85168
85174
85175
85182
85189
85193
85195
85201
85206
85207
85212
85220
85223
85224
85225
85227
85230
85247
85250
85251
85257
85269
85274
85279
85284
85288
85291
85295
85297
85299
85304
85309
85310
85311
85312
85313
85315
85316
85317
85318
85319
85320
85321
85322
85323
85324
85326
85346
85347
85348
85350
85378
85387
85388
85389
85390
85391
85392
85393
85395
85396
85397
85398
85399
85400
85401
85402
85403
85408
85419
85422
85424
85425
85427
85437
85444
85465
85467
85479
85483
85484
85485
85487
85489
85490
85491
85494
85495
85496
85497
85498
85500
85502
85503
85505
85506
85508
85509
85510
85511
85512
85513
85515
85516
85517
85519
85520
85521
85522
85524
85525
85526
85541
85542
85547
85548
85682
85687
85688
85693
85694
85696
85705
85707
85711
85712
85713
85718
85721
85723
85724
85730
85733
85735
85741
85745
85748
85749
85750
85752
85753
85754
85755
85761
85762
85763
85767
85768
85769
85771
85773
85774
85777
85778
85779
85781
85783
85786
85788
85789
85790
85792
85793
85796
85798
85801
85805
85813
85814
85817
85819
85822
85823
85824
85826
85833
85837
85838
85846
85847
85863
85864
85872
85899
85901
85902
85903
85904
85906
85907
85908
85909
85910
85911
85912
85913
85914
85916
85918
85919
85920
85921
85923
85924
85925
85926
85928
85930
85934
85935
85936
85937
85940
85941
85942
85943
85945
85946
85947
85948
85949
85950
85951
85954
85955
85956
85957
85958
85960
85962
85964
85966
85967
85969
85971
85972
85973
85974
85975
85976
85977
85978
85979
85981
85983
85985
85986
85987
85989
85992
85993
85996
85998
85999
86001
86002
86004
86006
86007
86009
86010
86011
86012
86014
86015
86016
86017
86018
86019
86020
86021
86023
86027
86028
86032
86033
86034
86035
86036
86037
86038
86039
86040
86044
86045
86046
86048
86049
86051
86052
86054
86059
86060
86061
86063
86064
86067
86068
86073
86074
86075
86076
86078
86079
86081
86082
86084
86085
86089
86094
86100
86102
86106
86111
86117
86118
86120
86121
86122
86123
86125
86126
86127
86130
86132
86134
86135
86136
86137
86138
86141
86142
86143
86144
86145
86150
86151
86152
86153
86239
86240
86241
86246
86266
86268
86271
86272
86273
86274
86474
86477
87252
87284
87291
87306
87312
87334
87338
87348
87359
87372
87655
87789
87791
87795
87796
87800
87802
87803
87805
87806
87807
87809
87810
87811
87812
87813
87815
87817
87818
87820
87821
87822
87823
87826
87827
87828
87829
87830
87831
87832
87833
87837
87843
87845
87846
87847
87848
87850
87851
87852
87854
87855
87856
87857
87858
87859
87861
87863
87864
87865
87866
87867
87868
87870
88019
88021
88026
88027
88028
88029
88030
88031
88100
88119
88126
88131
88143
88150
88151
88405
88429
88453
88469
88478
88479
88488
88495
88496
88497
88501
88509
88520
88524
88525
88540
88565
88573
88583
88584
88587
88594
88617
88621
88632
88635
88644
88647
88653
88662
88674
88676
88734
88743
88912
88940
89033
